2022/04/14-18:30:34.447814 7f1669b50f80 RocksDB version: 6.12.7
2022/04/14-18:30:34.447910 7f1669b50f80 Git sha rocksdb_build_git_sha:@0@
2022/04/14-18:30:34.447915 7f1669b50f80 Compile date Jan  1 1980
2022/04/14-18:30:34.447982 7f1669b50f80 DB SUMMARY
2022/04/14-18:30:34.447986 7f1669b50f80 DB Session ID:  8S0HWKBJTXPRK7Y55FAM
2022/04/14-18:30:34.448016 7f1669b50f80 SST files in /home/ritik/IV20/.dfx/state/replicated_state/node-100/ic_consensus_pool/consensus dir, Total Num: 0, files: 
2022/04/14-18:30:34.448020 7f1669b50f80 Write Ahead Log file in /home/ritik/IV20/.dfx/state/replicated_state/node-100/ic_consensus_pool/consensus: 
2022/04/14-18:30:34.448022 7f1669b50f80                         Options.error_if_exists: 0
2022/04/14-18:30:34.448025 7f1669b50f80                       Options.create_if_missing: 1
2022/04/14-18:30:34.448026 7f1669b50f80                         Options.paranoid_checks: 1
2022/04/14-18:30:34.448028 7f1669b50f80                                     Options.env: 0x561a93e998e0
2022/04/14-18:30:34.448030 7f1669b50f80                                      Options.fs: Posix File System
2022/04/14-18:30:34.448032 7f1669b50f80                                Options.info_log: 0x7f166965e940
2022/04/14-18:30:34.448034 7f1669b50f80                Options.max_file_opening_threads: 16
2022/04/14-18:30:34.448035 7f1669b50f80                              Options.statistics: (nil)
2022/04/14-18:30:34.448037 7f1669b50f80                               Options.use_fsync: 1
2022/04/14-18:30:34.448039 7f1669b50f80                       Options.max_log_file_size: 0
2022/04/14-18:30:34.448040 7f1669b50f80                  Options.max_manifest_file_size: 1073741824
2022/04/14-18:30:34.448042 7f1669b50f80                   Options.log_file_time_to_roll: 0
2022/04/14-18:30:34.448043 7f1669b50f80                       Options.keep_log_file_num: 1000
2022/04/14-18:30:34.448045 7f1669b50f80                    Options.recycle_log_file_num: 0
2022/04/14-18:30:34.448046 7f1669b50f80                         Options.allow_fallocate: 1
2022/04/14-18:30:34.448048 7f1669b50f80                        Options.allow_mmap_reads: 0
2022/04/14-18:30:34.448050 7f1669b50f80                       Options.allow_mmap_writes: 0
2022/04/14-18:30:34.448051 7f1669b50f80                        Options.use_direct_reads: 0
2022/04/14-18:30:34.448053 7f1669b50f80                        Options.use_direct_io_for_flush_and_compaction: 0
2022/04/14-18:30:34.448054 7f1669b50f80          Options.create_missing_column_families: 1
2022/04/14-18:30:34.448056 7f1669b50f80                              Options.db_log_dir: 
2022/04/14-18:30:34.448058 7f1669b50f80                                 Options.wal_dir: /home/ritik/IV20/.dfx/state/replicated_state/node-100/ic_consensus_pool/consensus
2022/04/14-18:30:34.448059 7f1669b50f80                Options.table_cache_numshardbits: 6
2022/04/14-18:30:34.448061 7f1669b50f80                         Options.WAL_ttl_seconds: 0
2022/04/14-18:30:34.448063 7f1669b50f80                       Options.WAL_size_limit_MB: 0
2022/04/14-18:30:34.448064 7f1669b50f80                        Options.max_write_batch_group_size_bytes: 1048576
2022/04/14-18:30:34.448066 7f1669b50f80             Options.manifest_preallocation_size: 4194304
2022/04/14-18:30:34.448067 7f1669b50f80                     Options.is_fd_close_on_exec: 1
2022/04/14-18:30:34.448069 7f1669b50f80                   Options.advise_random_on_open: 1
2022/04/14-18:30:34.448070 7f1669b50f80                    Options.db_write_buffer_size: 0
2022/04/14-18:30:34.448072 7f1669b50f80                    Options.write_buffer_manager: 0x7f166796bc60
2022/04/14-18:30:34.448073 7f1669b50f80         Options.access_hint_on_compaction_start: 1
2022/04/14-18:30:34.448075 7f1669b50f80  Options.new_table_reader_for_compaction_inputs: 0
2022/04/14-18:30:34.448076 7f1669b50f80           Options.random_access_max_buffer_size: 1048576
2022/04/14-18:30:34.448078 7f1669b50f80                      Options.use_adaptive_mutex: 0
2022/04/14-18:30:34.448079 7f1669b50f80                            Options.rate_limiter: (nil)
2022/04/14-18:30:34.448081 7f1669b50f80     Options.sst_file_manager.rate_bytes_per_sec: 0
2022/04/14-18:30:34.448099 7f1669b50f80                       Options.wal_recovery_mode: 2
2022/04/14-18:30:34.448101 7f1669b50f80                  Options.enable_thread_tracking: 0
2022/04/14-18:30:34.448103 7f1669b50f80                  Options.enable_pipelined_write: 0
2022/04/14-18:30:34.448105 7f1669b50f80                  Options.unordered_write: 0
2022/04/14-18:30:34.448106 7f1669b50f80         Options.allow_concurrent_memtable_write: 1
2022/04/14-18:30:34.448108 7f1669b50f80      Options.enable_write_thread_adaptive_yield: 1
2022/04/14-18:30:34.448109 7f1669b50f80             Options.write_thread_max_yield_usec: 100
2022/04/14-18:30:34.448111 7f1669b50f80            Options.write_thread_slow_yield_usec: 3
2022/04/14-18:30:34.448112 7f1669b50f80                               Options.row_cache: None
2022/04/14-18:30:34.448114 7f1669b50f80                              Options.wal_filter: None
2022/04/14-18:30:34.448116 7f1669b50f80             Options.avoid_flush_during_recovery: 0
2022/04/14-18:30:34.448117 7f1669b50f80             Options.allow_ingest_behind: 0
2022/04/14-18:30:34.448119 7f1669b50f80             Options.preserve_deletes: 0
2022/04/14-18:30:34.448120 7f1669b50f80             Options.two_write_queues: 0
2022/04/14-18:30:34.448122 7f1669b50f80             Options.manual_wal_flush: 0
2022/04/14-18:30:34.448123 7f1669b50f80             Options.atomic_flush: 0
2022/04/14-18:30:34.448125 7f1669b50f80             Options.avoid_unnecessary_blocking_io: 0
2022/04/14-18:30:34.448126 7f1669b50f80                 Options.persist_stats_to_disk: 0
2022/04/14-18:30:34.448128 7f1669b50f80                 Options.write_dbid_to_manifest: 0
2022/04/14-18:30:34.448129 7f1669b50f80                 Options.log_readahead_size: 0
2022/04/14-18:30:34.448131 7f1669b50f80                 Options.file_checksum_gen_factory: Unknown
2022/04/14-18:30:34.448133 7f1669b50f80                 Options.best_efforts_recovery: 0
2022/04/14-18:30:34.448134 7f1669b50f80                Options.max_bgerror_resume_count: 2147483647
2022/04/14-18:30:34.448136 7f1669b50f80            Options.bgerror_resume_retry_interval: 1000000
2022/04/14-18:30:34.448138 7f1669b50f80             Options.max_background_jobs: 2
2022/04/14-18:30:34.448139 7f1669b50f80             Options.max_background_compactions: -1
2022/04/14-18:30:34.448141 7f1669b50f80             Options.max_subcompactions: 1
2022/04/14-18:30:34.448142 7f1669b50f80             Options.avoid_flush_during_shutdown: 0
2022/04/14-18:30:34.448144 7f1669b50f80           Options.writable_file_max_buffer_size: 1048576
2022/04/14-18:30:34.448146 7f1669b50f80             Options.delayed_write_rate : 16777216
2022/04/14-18:30:34.448147 7f1669b50f80             Options.max_total_wal_size: 0
2022/04/14-18:30:34.448149 7f1669b50f80             Options.delete_obsolete_files_period_micros: 21600000000
2022/04/14-18:30:34.448150 7f1669b50f80                   Options.stats_dump_period_sec: 600
2022/04/14-18:30:34.448152 7f1669b50f80                 Options.stats_persist_period_sec: 600
2022/04/14-18:30:34.448153 7f1669b50f80                 Options.stats_history_buffer_size: 1048576
2022/04/14-18:30:34.448155 7f1669b50f80                          Options.max_open_files: -1
2022/04/14-18:30:34.448156 7f1669b50f80                          Options.bytes_per_sync: 0
2022/04/14-18:30:34.448158 7f1669b50f80                      Options.wal_bytes_per_sync: 0
2022/04/14-18:30:34.448159 7f1669b50f80                   Options.strict_bytes_per_sync: 0
2022/04/14-18:30:34.448161 7f1669b50f80       Options.compaction_readahead_size: 0
2022/04/14-18:30:34.448162 7f1669b50f80                  Options.max_background_flushes: -1
2022/04/14-18:30:34.448164 7f1669b50f80 Compression algorithms supported:
2022/04/14-18:30:34.448166 7f1669b50f80 	kZSTDNotFinalCompression supported: 1
2022/04/14-18:30:34.448172 7f1669b50f80 	kZSTD supported: 1
2022/04/14-18:30:34.448174 7f1669b50f80 	kXpressCompression supported: 0
2022/04/14-18:30:34.448176 7f1669b50f80 	kLZ4HCCompression supported: 1
2022/04/14-18:30:34.448189 7f1669b50f80 	kLZ4Compression supported: 1
2022/04/14-18:30:34.448192 7f1669b50f80 	kBZip2Compression supported: 1
2022/04/14-18:30:34.448194 7f1669b50f80 	kZlibCompression supported: 1
2022/04/14-18:30:34.448195 7f1669b50f80 	kSnappyCompression supported: 1
2022/04/14-18:30:34.448198 7f1669b50f80 Fast CRC32 supported: Supported on x86
2022/04/14-18:30:34.490508 7f1669b50f80 [db/db_impl/db_impl_open.cc:271] Creating manifest 1 
2022/04/14-18:30:34.636448 7f1669b50f80 [db/version_set.cc:4559] Recovering from manifest file: /home/ritik/IV20/.dfx/state/replicated_state/node-100/ic_consensus_pool/consensus/MANIFEST-000001
2022/04/14-18:30:34.636916 7f1669b50f80 [db/column_family.cc:578] --------------- Options for column family [default]:
2022/04/14-18:30:34.636932 7f1669b50f80               Options.comparator: leveldb.BytewiseComparator
2022/04/14-18:30:34.636940 7f1669b50f80           Options.merge_operator: None
2022/04/14-18:30:34.636946 7f1669b50f80        Options.compaction_filter: None
2022/04/14-18:30:34.636952 7f1669b50f80        Options.compaction_filter_factory: None
2022/04/14-18:30:34.636956 7f1669b50f80  Options.sst_partitioner_factory: None
2022/04/14-18:30:34.636962 7f1669b50f80         Options.memtable_factory: SkipListFactory
2022/04/14-18:30:34.636966 7f1669b50f80            Options.table_factory: BlockBasedTable
2022/04/14-18:30:34.637074 7f1669b50f80            table_factory options:   flush_block_policy_factory: FlushBlockBySizePolicyFactory (0x7f16679674e0)
  cache_index_and_filter_blocks: 0
  cache_index_and_filter_blocks_with_high_priority: 1
  pin_l0_filter_and_index_blocks_in_cache: 0
  pin_top_level_index_and_filter: 1
  index_type: 0
  data_block_index_type: 0
  index_shortening: 1
  data_block_hash_table_util_ratio: 0.750000
  hash_index_allow_collision: 1
  checksum: 1
  no_block_cache: 0
  block_cache: 0x7f16679c9d10
  block_cache_name: LRUCache
  block_cache_options:
    capacity : 8388608
    num_shard_bits : 4
    strict_capacity_limit : 0
    memory_allocator : None
    high_pri_pool_ratio: 0.000
  block_cache_compressed: (nil)
  persistent_cache: (nil)
  block_size: 4096
  block_size_deviation: 10
  block_restart_interval: 16
  index_block_restart_interval: 1
  metadata_block_size: 4096
  partition_filters: 0
  use_delta_encoding: 1
  filter_policy: nullptr
  whole_key_filtering: 1
  verify_compression: 0
  read_amp_bytes_per_bit: 0
  format_version: 4
  enable_index_compression: 1
  block_align: 0
2022/04/14-18:30:34.637096 7f1669b50f80        Options.write_buffer_size: 67108864
2022/04/14-18:30:34.637103 7f1669b50f80  Options.max_write_buffer_number: 2
2022/04/14-18:30:34.637110 7f1669b50f80          Options.compression: Snappy
2022/04/14-18:30:34.637115 7f1669b50f80                  Options.bottommost_compression: Disabled
2022/04/14-18:30:34.637120 7f1669b50f80       Options.prefix_extractor: nullptr
2022/04/14-18:30:34.637125 7f1669b50f80   Options.memtable_insert_with_hint_prefix_extractor: nullptr
2022/04/14-18:30:34.637130 7f1669b50f80             Options.num_levels: 7
2022/04/14-18:30:34.637135 7f1669b50f80        Options.min_write_buffer_number_to_merge: 1
2022/04/14-18:30:34.637139 7f1669b50f80     Options.max_write_buffer_number_to_maintain: 0
2022/04/14-18:30:34.637144 7f1669b50f80     Options.max_write_buffer_size_to_maintain: 0
2022/04/14-18:30:34.637149 7f1669b50f80            Options.bottommost_compression_opts.window_bits: -14
2022/04/14-18:30:34.637154 7f1669b50f80                  Options.bottommost_compression_opts.level: 32767
2022/04/14-18:30:34.637159 7f1669b50f80               Options.bottommost_compression_opts.strategy: 0
2022/04/14-18:30:34.637163 7f1669b50f80         Options.bottommost_compression_opts.max_dict_bytes: 0
2022/04/14-18:30:34.637168 7f1669b50f80         Options.bottommost_compression_opts.zstd_max_train_bytes: 0
2022/04/14-18:30:34.637173 7f1669b50f80         Options.bottommost_compression_opts.parallel_threads: 1
2022/04/14-18:30:34.637178 7f1669b50f80                  Options.bottommost_compression_opts.enabled: false
2022/04/14-18:30:34.637263 7f1669b50f80            Options.compression_opts.window_bits: -14
2022/04/14-18:30:34.637273 7f1669b50f80                  Options.compression_opts.level: 32767
2022/04/14-18:30:34.637278 7f1669b50f80               Options.compression_opts.strategy: 0
2022/04/14-18:30:34.637283 7f1669b50f80         Options.compression_opts.max_dict_bytes: 0
2022/04/14-18:30:34.637288 7f1669b50f80         Options.compression_opts.zstd_max_train_bytes: 0
2022/04/14-18:30:34.637292 7f1669b50f80         Options.compression_opts.parallel_threads: 1
2022/04/14-18:30:34.637297 7f1669b50f80                  Options.compression_opts.enabled: false
2022/04/14-18:30:34.637301 7f1669b50f80      Options.level0_file_num_compaction_trigger: 4
2022/04/14-18:30:34.637306 7f1669b50f80          Options.level0_slowdown_writes_trigger: 20
2022/04/14-18:30:34.637311 7f1669b50f80              Options.level0_stop_writes_trigger: 36
2022/04/14-18:30:34.637316 7f1669b50f80                   Options.target_file_size_base: 67108864
2022/04/14-18:30:34.637320 7f1669b50f80             Options.target_file_size_multiplier: 1
2022/04/14-18:30:34.637325 7f1669b50f80                Options.max_bytes_for_level_base: 268435456
2022/04/14-18:30:34.637330 7f1669b50f80 Options.level_compaction_dynamic_level_bytes: 0
2022/04/14-18:30:34.637334 7f1669b50f80          Options.max_bytes_for_level_multiplier: 10.000000
2022/04/14-18:30:34.637344 7f1669b50f80 Options.max_bytes_for_level_multiplier_addtl[0]: 1
2022/04/14-18:30:34.637350 7f1669b50f80 Options.max_bytes_for_level_multiplier_addtl[1]: 1
2022/04/14-18:30:34.637355 7f1669b50f80 Options.max_bytes_for_level_multiplier_addtl[2]: 1
2022/04/14-18:30:34.637360 7f1669b50f80 Options.max_bytes_for_level_multiplier_addtl[3]: 1
2022/04/14-18:30:34.637365 7f1669b50f80 Options.max_bytes_for_level_multiplier_addtl[4]: 1
2022/04/14-18:30:34.637370 7f1669b50f80 Options.max_bytes_for_level_multiplier_addtl[5]: 1
2022/04/14-18:30:34.637374 7f1669b50f80 Options.max_bytes_for_level_multiplier_addtl[6]: 1
2022/04/14-18:30:34.637379 7f1669b50f80       Options.max_sequential_skip_in_iterations: 8
2022/04/14-18:30:34.637384 7f1669b50f80                    Options.max_compaction_bytes: 1677721600
2022/04/14-18:30:34.637388 7f1669b50f80                        Options.arena_block_size: 8388608
2022/04/14-18:30:34.637393 7f1669b50f80   Options.soft_pending_compaction_bytes_limit: 68719476736
2022/04/14-18:30:34.637407 7f1669b50f80   Options.hard_pending_compaction_bytes_limit: 274877906944
2022/04/14-18:30:34.637410 7f1669b50f80       Options.rate_limit_delay_max_milliseconds: 100
2022/04/14-18:30:34.637412 7f1669b50f80                Options.disable_auto_compactions: 0
2022/04/14-18:30:34.637415 7f1669b50f80                        Options.compaction_style: kCompactionStyleLevel
2022/04/14-18:30:34.637418 7f1669b50f80                          Options.compaction_pri: kMinOverlappingRatio
2022/04/14-18:30:34.637420 7f1669b50f80 Options.compaction_options_universal.size_ratio: 1
2022/04/14-18:30:34.637422 7f1669b50f80 Options.compaction_options_universal.min_merge_width: 2
2022/04/14-18:30:34.637425 7f1669b50f80 Options.compaction_options_universal.max_merge_width: 4294967295
2022/04/14-18:30:34.637427 7f1669b50f80 Options.compaction_options_universal.max_size_amplification_percent: 200
2022/04/14-18:30:34.637429 7f1669b50f80 Options.compaction_options_universal.compression_size_percent: -1
2022/04/14-18:30:34.637432 7f1669b50f80 Options.compaction_options_universal.stop_style: kCompactionStopStyleTotalSize
2022/04/14-18:30:34.637434 7f1669b50f80 Options.compaction_options_fifo.max_table_files_size: 1073741824
2022/04/14-18:30:34.637436 7f1669b50f80 Options.compaction_options_fifo.allow_compaction: 0
2022/04/14-18:30:34.637448 7f1669b50f80                   Options.table_properties_collectors: 
2022/04/14-18:30:34.637451 7f1669b50f80                   Options.inplace_update_support: 0
2022/04/14-18:30:34.637453 7f1669b50f80                 Options.inplace_update_num_locks: 10000
2022/04/14-18:30:34.637455 7f1669b50f80               Options.memtable_prefix_bloom_size_ratio: 0.000000
2022/04/14-18:30:34.637477 7f1669b50f80               Options.memtable_whole_key_filtering: 0
2022/04/14-18:30:34.637481 7f1669b50f80   Options.memtable_huge_page_size: 0
2022/04/14-18:30:34.637483 7f1669b50f80                           Options.bloom_locality: 0
2022/04/14-18:30:34.637485 7f1669b50f80                    Options.max_successive_merges: 0
2022/04/14-18:30:34.637488 7f1669b50f80                Options.optimize_filters_for_hits: 0
2022/04/14-18:30:34.637490 7f1669b50f80                Options.paranoid_file_checks: 0
2022/04/14-18:30:34.637492 7f1669b50f80                Options.force_consistency_checks: 0
2022/04/14-18:30:34.637494 7f1669b50f80                Options.report_bg_io_stats: 0
2022/04/14-18:30:34.637497 7f1669b50f80                               Options.ttl: 2592000
2022/04/14-18:30:34.637499 7f1669b50f80          Options.periodic_compaction_seconds: 0
2022/04/14-18:30:34.639116 7f1669b50f80 [db/version_set.cc:4708] Recovered from manifest file:/home/ritik/IV20/.dfx/state/replicated_state/node-100/ic_consensus_pool/consensus/MANIFEST-000001 succeeded,manifest_file_number is 1, next_file_number is 3, last_sequence is 0, log_number is 0,prev_log_number is 0,max_column_family is 0,min_log_number_to_keep is 0
2022/04/14-18:30:34.639140 7f1669b50f80 [db/version_set.cc:4724] Column family [default] (ID 0), log number is 0
2022/04/14-18:30:34.639584 7f1669b50f80 [db/version_set.cc:3949] Creating manifest 4
2022/04/14-18:30:34.749152 7f1669b50f80 [db/column_family.cc:578] --------------- Options for column family [RB]:
2022/04/14-18:30:34.749183 7f1669b50f80               Options.comparator: leveldb.BytewiseComparator
2022/04/14-18:30:34.749190 7f1669b50f80           Options.merge_operator: None
2022/04/14-18:30:34.749197 7f1669b50f80        Options.compaction_filter: filter_outdated
2022/04/14-18:30:34.749203 7f1669b50f80        Options.compaction_filter_factory: None
2022/04/14-18:30:34.749208 7f1669b50f80  Options.sst_partitioner_factory: None
2022/04/14-18:30:34.749213 7f1669b50f80         Options.memtable_factory: SkipListFactory
2022/04/14-18:30:34.749217 7f1669b50f80            Options.table_factory: BlockBasedTable
2022/04/14-18:30:34.749311 7f1669b50f80            table_factory options:   flush_block_policy_factory: FlushBlockBySizePolicyFactory (0x7f16679673b8)
  cache_index_and_filter_blocks: 0
  cache_index_and_filter_blocks_with_high_priority: 1
  pin_l0_filter_and_index_blocks_in_cache: 0
  pin_top_level_index_and_filter: 1
  index_type: 0
  data_block_index_type: 0
  index_shortening: 1
  data_block_hash_table_util_ratio: 0.750000
  hash_index_allow_collision: 1
  checksum: 1
  no_block_cache: 0
  block_cache: 0x7f16679b4710
  block_cache_name: LRUCache
  block_cache_options:
    capacity : 8388608
    num_shard_bits : 4
    strict_capacity_limit : 0
    memory_allocator : None
    high_pri_pool_ratio: 0.000
  block_cache_compressed: (nil)
  persistent_cache: (nil)
  block_size: 4096
  block_size_deviation: 10
  block_restart_interval: 16
  index_block_restart_interval: 1
  metadata_block_size: 4096
  partition_filters: 0
  use_delta_encoding: 1
  filter_policy: nullptr
  whole_key_filtering: 1
  verify_compression: 0
  read_amp_bytes_per_bit: 0
  format_version: 4
  enable_index_compression: 1
  block_align: 0
2022/04/14-18:30:34.749334 7f1669b50f80        Options.write_buffer_size: 67108864
2022/04/14-18:30:34.749340 7f1669b50f80  Options.max_write_buffer_number: 2
2022/04/14-18:30:34.749346 7f1669b50f80          Options.compression: NoCompression
2022/04/14-18:30:34.749351 7f1669b50f80                  Options.bottommost_compression: Disabled
2022/04/14-18:30:34.749356 7f1669b50f80       Options.prefix_extractor: nullptr
2022/04/14-18:30:34.749361 7f1669b50f80   Options.memtable_insert_with_hint_prefix_extractor: nullptr
2022/04/14-18:30:34.749366 7f1669b50f80             Options.num_levels: 7
2022/04/14-18:30:34.749371 7f1669b50f80        Options.min_write_buffer_number_to_merge: 1
2022/04/14-18:30:34.749376 7f1669b50f80     Options.max_write_buffer_number_to_maintain: 0
2022/04/14-18:30:34.749380 7f1669b50f80     Options.max_write_buffer_size_to_maintain: 0
2022/04/14-18:30:34.749385 7f1669b50f80            Options.bottommost_compression_opts.window_bits: -14
2022/04/14-18:30:34.749390 7f1669b50f80                  Options.bottommost_compression_opts.level: 32767
2022/04/14-18:30:34.749395 7f1669b50f80               Options.bottommost_compression_opts.strategy: 0
2022/04/14-18:30:34.749400 7f1669b50f80         Options.bottommost_compression_opts.max_dict_bytes: 0
2022/04/14-18:30:34.749405 7f1669b50f80         Options.bottommost_compression_opts.zstd_max_train_bytes: 0
2022/04/14-18:30:34.749409 7f1669b50f80         Options.bottommost_compression_opts.parallel_threads: 1
2022/04/14-18:30:34.749414 7f1669b50f80                  Options.bottommost_compression_opts.enabled: false
2022/04/14-18:30:34.749419 7f1669b50f80            Options.compression_opts.window_bits: -14
2022/04/14-18:30:34.749424 7f1669b50f80                  Options.compression_opts.level: 32767
2022/04/14-18:30:34.749428 7f1669b50f80               Options.compression_opts.strategy: 0
2022/04/14-18:30:34.749433 7f1669b50f80         Options.compression_opts.max_dict_bytes: 0
2022/04/14-18:30:34.749437 7f1669b50f80         Options.compression_opts.zstd_max_train_bytes: 0
2022/04/14-18:30:34.749442 7f1669b50f80         Options.compression_opts.parallel_threads: 1
2022/04/14-18:30:34.749446 7f1669b50f80                  Options.compression_opts.enabled: false
2022/04/14-18:30:34.749507 7f1669b50f80      Options.level0_file_num_compaction_trigger: 4
2022/04/14-18:30:34.749516 7f1669b50f80          Options.level0_slowdown_writes_trigger: 20
2022/04/14-18:30:34.749521 7f1669b50f80              Options.level0_stop_writes_trigger: 36
2022/04/14-18:30:34.749526 7f1669b50f80                   Options.target_file_size_base: 67108864
2022/04/14-18:30:34.749531 7f1669b50f80             Options.target_file_size_multiplier: 1
2022/04/14-18:30:34.749536 7f1669b50f80                Options.max_bytes_for_level_base: 268435456
2022/04/14-18:30:34.749540 7f1669b50f80 Options.level_compaction_dynamic_level_bytes: 0
2022/04/14-18:30:34.749545 7f1669b50f80          Options.max_bytes_for_level_multiplier: 10.000000
2022/04/14-18:30:34.749556 7f1669b50f80 Options.max_bytes_for_level_multiplier_addtl[0]: 1
2022/04/14-18:30:34.749562 7f1669b50f80 Options.max_bytes_for_level_multiplier_addtl[1]: 1
2022/04/14-18:30:34.749567 7f1669b50f80 Options.max_bytes_for_level_multiplier_addtl[2]: 1
2022/04/14-18:30:34.749571 7f1669b50f80 Options.max_bytes_for_level_multiplier_addtl[3]: 1
2022/04/14-18:30:34.749576 7f1669b50f80 Options.max_bytes_for_level_multiplier_addtl[4]: 1
2022/04/14-18:30:34.749581 7f1669b50f80 Options.max_bytes_for_level_multiplier_addtl[5]: 1
2022/04/14-18:30:34.749585 7f1669b50f80 Options.max_bytes_for_level_multiplier_addtl[6]: 1
2022/04/14-18:30:34.749590 7f1669b50f80       Options.max_sequential_skip_in_iterations: 8
2022/04/14-18:30:34.749595 7f1669b50f80                    Options.max_compaction_bytes: 1677721600
2022/04/14-18:30:34.749600 7f1669b50f80                        Options.arena_block_size: 8388608
2022/04/14-18:30:34.749605 7f1669b50f80   Options.soft_pending_compaction_bytes_limit: 68719476736
2022/04/14-18:30:34.749609 7f1669b50f80   Options.hard_pending_compaction_bytes_limit: 274877906944
2022/04/14-18:30:34.749614 7f1669b50f80       Options.rate_limit_delay_max_milliseconds: 100
2022/04/14-18:30:34.749619 7f1669b50f80                Options.disable_auto_compactions: 1
2022/04/14-18:30:34.749625 7f1669b50f80                        Options.compaction_style: kCompactionStyleLevel
2022/04/14-18:30:34.749631 7f1669b50f80                          Options.compaction_pri: kMinOverlappingRatio
2022/04/14-18:30:34.749636 7f1669b50f80 Options.compaction_options_universal.size_ratio: 1
2022/04/14-18:30:34.749641 7f1669b50f80 Options.compaction_options_universal.min_merge_width: 2
2022/04/14-18:30:34.749645 7f1669b50f80 Options.compaction_options_universal.max_merge_width: 4294967295
2022/04/14-18:30:34.749650 7f1669b50f80 Options.compaction_options_universal.max_size_amplification_percent: 200
2022/04/14-18:30:34.749655 7f1669b50f80 Options.compaction_options_universal.compression_size_percent: -1
2022/04/14-18:30:34.749660 7f1669b50f80 Options.compaction_options_universal.stop_style: kCompactionStopStyleTotalSize
2022/04/14-18:30:34.749665 7f1669b50f80 Options.compaction_options_fifo.max_table_files_size: 1073741824
2022/04/14-18:30:34.749670 7f1669b50f80 Options.compaction_options_fifo.allow_compaction: 0
2022/04/14-18:30:34.749683 7f1669b50f80                   Options.table_properties_collectors: 
2022/04/14-18:30:34.749689 7f1669b50f80                   Options.inplace_update_support: 0
2022/04/14-18:30:34.749694 7f1669b50f80                 Options.inplace_update_num_locks: 10000
2022/04/14-18:30:34.749699 7f1669b50f80               Options.memtable_prefix_bloom_size_ratio: 0.000000
2022/04/14-18:30:34.749705 7f1669b50f80               Options.memtable_whole_key_filtering: 0
2022/04/14-18:30:34.749710 7f1669b50f80   Options.memtable_huge_page_size: 0
2022/04/14-18:30:34.749715 7f1669b50f80                           Options.bloom_locality: 0
2022/04/14-18:30:34.749720 7f1669b50f80                    Options.max_successive_merges: 0
2022/04/14-18:30:34.749724 7f1669b50f80                Options.optimize_filters_for_hits: 0
2022/04/14-18:30:34.749729 7f1669b50f80                Options.paranoid_file_checks: 0
2022/04/14-18:30:34.749733 7f1669b50f80                Options.force_consistency_checks: 0
2022/04/14-18:30:34.749773 7f1669b50f80                Options.report_bg_io_stats: 0
2022/04/14-18:30:34.749781 7f1669b50f80                               Options.ttl: 2592000
2022/04/14-18:30:34.749787 7f1669b50f80          Options.periodic_compaction_seconds: 2592000
2022/04/14-18:30:34.749926 7f1669b50f80 [db/db_impl/db_impl.cc:2561] Created column family [RB] (ID 1)
2022/04/14-18:30:34.840218 7f1669b50f80 [db/column_family.cc:578] --------------- Options for column family [FZ]:
2022/04/14-18:30:34.840253 7f1669b50f80               Options.comparator: leveldb.BytewiseComparator
2022/04/14-18:30:34.840261 7f1669b50f80           Options.merge_operator: None
2022/04/14-18:30:34.840267 7f1669b50f80        Options.compaction_filter: filter_outdated
2022/04/14-18:30:34.840271 7f1669b50f80        Options.compaction_filter_factory: None
2022/04/14-18:30:34.840276 7f1669b50f80  Options.sst_partitioner_factory: None
2022/04/14-18:30:34.840280 7f1669b50f80         Options.memtable_factory: SkipListFactory
2022/04/14-18:30:34.840284 7f1669b50f80            Options.table_factory: BlockBasedTable
2022/04/14-18:30:34.840379 7f1669b50f80            table_factory options:   flush_block_policy_factory: FlushBlockBySizePolicyFactory (0x7f16679673d0)
  cache_index_and_filter_blocks: 0
  cache_index_and_filter_blocks_with_high_priority: 1
  pin_l0_filter_and_index_blocks_in_cache: 0
  pin_top_level_index_and_filter: 1
  index_type: 0
  data_block_index_type: 0
  index_shortening: 1
  data_block_hash_table_util_ratio: 0.750000
  hash_index_allow_collision: 1
  checksum: 1
  no_block_cache: 0
  block_cache: 0x7f16679b4f90
  block_cache_name: LRUCache
  block_cache_options:
    capacity : 8388608
    num_shard_bits : 4
    strict_capacity_limit : 0
    memory_allocator : None
    high_pri_pool_ratio: 0.000
  block_cache_compressed: (nil)
  persistent_cache: (nil)
  block_size: 4096
  block_size_deviation: 10
  block_restart_interval: 16
  index_block_restart_interval: 1
  metadata_block_size: 4096
  partition_filters: 0
  use_delta_encoding: 1
  filter_policy: nullptr
  whole_key_filtering: 1
  verify_compression: 0
  read_amp_bytes_per_bit: 0
  format_version: 4
  enable_index_compression: 1
  block_align: 0
2022/04/14-18:30:34.840395 7f1669b50f80        Options.write_buffer_size: 67108864
2022/04/14-18:30:34.840401 7f1669b50f80  Options.max_write_buffer_number: 2
2022/04/14-18:30:34.840407 7f1669b50f80          Options.compression: NoCompression
2022/04/14-18:30:34.840412 7f1669b50f80                  Options.bottommost_compression: Disabled
2022/04/14-18:30:34.840417 7f1669b50f80       Options.prefix_extractor: nullptr
2022/04/14-18:30:34.840421 7f1669b50f80   Options.memtable_insert_with_hint_prefix_extractor: nullptr
2022/04/14-18:30:34.840426 7f1669b50f80             Options.num_levels: 7
2022/04/14-18:30:34.840431 7f1669b50f80        Options.min_write_buffer_number_to_merge: 1
2022/04/14-18:30:34.840435 7f1669b50f80     Options.max_write_buffer_number_to_maintain: 0
2022/04/14-18:30:34.840440 7f1669b50f80     Options.max_write_buffer_size_to_maintain: 0
2022/04/14-18:30:34.840445 7f1669b50f80            Options.bottommost_compression_opts.window_bits: -14
2022/04/14-18:30:34.840450 7f1669b50f80                  Options.bottommost_compression_opts.level: 32767
2022/04/14-18:30:34.840454 7f1669b50f80               Options.bottommost_compression_opts.strategy: 0
2022/04/14-18:30:34.840459 7f1669b50f80         Options.bottommost_compression_opts.max_dict_bytes: 0
2022/04/14-18:30:34.840464 7f1669b50f80         Options.bottommost_compression_opts.zstd_max_train_bytes: 0
2022/04/14-18:30:34.840469 7f1669b50f80         Options.bottommost_compression_opts.parallel_threads: 1
2022/04/14-18:30:34.840473 7f1669b50f80                  Options.bottommost_compression_opts.enabled: false
2022/04/14-18:30:34.840478 7f1669b50f80            Options.compression_opts.window_bits: -14
2022/04/14-18:30:34.840483 7f1669b50f80                  Options.compression_opts.level: 32767
2022/04/14-18:30:34.840487 7f1669b50f80               Options.compression_opts.strategy: 0
2022/04/14-18:30:34.840492 7f1669b50f80         Options.compression_opts.max_dict_bytes: 0
2022/04/14-18:30:34.840496 7f1669b50f80         Options.compression_opts.zstd_max_train_bytes: 0
2022/04/14-18:30:34.840501 7f1669b50f80         Options.compression_opts.parallel_threads: 1
2022/04/14-18:30:34.840505 7f1669b50f80                  Options.compression_opts.enabled: false
2022/04/14-18:30:34.840565 7f1669b50f80      Options.level0_file_num_compaction_trigger: 4
2022/04/14-18:30:34.840574 7f1669b50f80          Options.level0_slowdown_writes_trigger: 20
2022/04/14-18:30:34.840580 7f1669b50f80              Options.level0_stop_writes_trigger: 36
2022/04/14-18:30:34.840585 7f1669b50f80                   Options.target_file_size_base: 67108864
2022/04/14-18:30:34.840590 7f1669b50f80             Options.target_file_size_multiplier: 1
2022/04/14-18:30:34.840594 7f1669b50f80                Options.max_bytes_for_level_base: 268435456
2022/04/14-18:30:34.840599 7f1669b50f80 Options.level_compaction_dynamic_level_bytes: 0
2022/04/14-18:30:34.840604 7f1669b50f80          Options.max_bytes_for_level_multiplier: 10.000000
2022/04/14-18:30:34.840614 7f1669b50f80 Options.max_bytes_for_level_multiplier_addtl[0]: 1
2022/04/14-18:30:34.840620 7f1669b50f80 Options.max_bytes_for_level_multiplier_addtl[1]: 1
2022/04/14-18:30:34.840625 7f1669b50f80 Options.max_bytes_for_level_multiplier_addtl[2]: 1
2022/04/14-18:30:34.840641 7f1669b50f80 Options.max_bytes_for_level_multiplier_addtl[3]: 1
2022/04/14-18:30:34.840646 7f1669b50f80 Options.max_bytes_for_level_multiplier_addtl[4]: 1
2022/04/14-18:30:34.840650 7f1669b50f80 Options.max_bytes_for_level_multiplier_addtl[5]: 1
2022/04/14-18:30:34.840654 7f1669b50f80 Options.max_bytes_for_level_multiplier_addtl[6]: 1
2022/04/14-18:30:34.840659 7f1669b50f80       Options.max_sequential_skip_in_iterations: 8
2022/04/14-18:30:34.840663 7f1669b50f80                    Options.max_compaction_bytes: 1677721600
2022/04/14-18:30:34.840667 7f1669b50f80                        Options.arena_block_size: 8388608
2022/04/14-18:30:34.840671 7f1669b50f80   Options.soft_pending_compaction_bytes_limit: 68719476736
2022/04/14-18:30:34.840676 7f1669b50f80   Options.hard_pending_compaction_bytes_limit: 274877906944
2022/04/14-18:30:34.840680 7f1669b50f80       Options.rate_limit_delay_max_milliseconds: 100
2022/04/14-18:30:34.840684 7f1669b50f80                Options.disable_auto_compactions: 1
2022/04/14-18:30:34.840690 7f1669b50f80                        Options.compaction_style: kCompactionStyleLevel
2022/04/14-18:30:34.840695 7f1669b50f80                          Options.compaction_pri: kMinOverlappingRatio
2022/04/14-18:30:34.840699 7f1669b50f80 Options.compaction_options_universal.size_ratio: 1
2022/04/14-18:30:34.840703 7f1669b50f80 Options.compaction_options_universal.min_merge_width: 2
2022/04/14-18:30:34.840707 7f1669b50f80 Options.compaction_options_universal.max_merge_width: 4294967295
2022/04/14-18:30:34.840711 7f1669b50f80 Options.compaction_options_universal.max_size_amplification_percent: 200
2022/04/14-18:30:34.840716 7f1669b50f80 Options.compaction_options_universal.compression_size_percent: -1
2022/04/14-18:30:34.840720 7f1669b50f80 Options.compaction_options_universal.stop_style: kCompactionStopStyleTotalSize
2022/04/14-18:30:34.840724 7f1669b50f80 Options.compaction_options_fifo.max_table_files_size: 1073741824
2022/04/14-18:30:34.840729 7f1669b50f80 Options.compaction_options_fifo.allow_compaction: 0
2022/04/14-18:30:34.840741 7f1669b50f80                   Options.table_properties_collectors: 
2022/04/14-18:30:34.840746 7f1669b50f80                   Options.inplace_update_support: 0
2022/04/14-18:30:34.840751 7f1669b50f80                 Options.inplace_update_num_locks: 10000
2022/04/14-18:30:34.840783 7f1669b50f80               Options.memtable_prefix_bloom_size_ratio: 0.000000
2022/04/14-18:30:34.840790 7f1669b50f80               Options.memtable_whole_key_filtering: 0
2022/04/14-18:30:34.840795 7f1669b50f80   Options.memtable_huge_page_size: 0
2022/04/14-18:30:34.840800 7f1669b50f80                           Options.bloom_locality: 0
2022/04/14-18:30:34.840804 7f1669b50f80                    Options.max_successive_merges: 0
2022/04/14-18:30:34.840809 7f1669b50f80                Options.optimize_filters_for_hits: 0
2022/04/14-18:30:34.840814 7f1669b50f80                Options.paranoid_file_checks: 0
2022/04/14-18:30:34.840818 7f1669b50f80                Options.force_consistency_checks: 0
2022/04/14-18:30:34.840858 7f1669b50f80                Options.report_bg_io_stats: 0
2022/04/14-18:30:34.840866 7f1669b50f80                               Options.ttl: 2592000
2022/04/14-18:30:34.840871 7f1669b50f80          Options.periodic_compaction_seconds: 2592000
2022/04/14-18:30:34.841004 7f1669b50f80 [db/db_impl/db_impl.cc:2561] Created column family [FZ] (ID 2)
2022/04/14-18:30:34.930036 7f1669b50f80 [db/column_family.cc:578] --------------- Options for column family [NZ]:
2022/04/14-18:30:34.930066 7f1669b50f80               Options.comparator: leveldb.BytewiseComparator
2022/04/14-18:30:34.930071 7f1669b50f80           Options.merge_operator: None
2022/04/14-18:30:34.930076 7f1669b50f80        Options.compaction_filter: filter_outdated
2022/04/14-18:30:34.930080 7f1669b50f80        Options.compaction_filter_factory: None
2022/04/14-18:30:34.930084 7f1669b50f80  Options.sst_partitioner_factory: None
2022/04/14-18:30:34.930087 7f1669b50f80         Options.memtable_factory: SkipListFactory
2022/04/14-18:30:34.930091 7f1669b50f80            Options.table_factory: BlockBasedTable
2022/04/14-18:30:34.930147 7f1669b50f80            table_factory options:   flush_block_policy_factory: FlushBlockBySizePolicyFactory (0x7f16679673e8)
  cache_index_and_filter_blocks: 0
  cache_index_and_filter_blocks_with_high_priority: 1
  pin_l0_filter_and_index_blocks_in_cache: 0
  pin_top_level_index_and_filter: 1
  index_type: 0
  data_block_index_type: 0
  index_shortening: 1
  data_block_hash_table_util_ratio: 0.750000
  hash_index_allow_collision: 1
  checksum: 1
  no_block_cache: 0
  block_cache: 0x7f16679b6810
  block_cache_name: LRUCache
  block_cache_options:
    capacity : 8388608
    num_shard_bits : 4
    strict_capacity_limit : 0
    memory_allocator : None
    high_pri_pool_ratio: 0.000
  block_cache_compressed: (nil)
  persistent_cache: (nil)
  block_size: 4096
  block_size_deviation: 10
  block_restart_interval: 16
  index_block_restart_interval: 1
  metadata_block_size: 4096
  partition_filters: 0
  use_delta_encoding: 1
  filter_policy: nullptr
  whole_key_filtering: 1
  verify_compression: 0
  read_amp_bytes_per_bit: 0
  format_version: 4
  enable_index_compression: 1
  block_align: 0
2022/04/14-18:30:34.930177 7f1669b50f80        Options.write_buffer_size: 67108864
2022/04/14-18:30:34.930185 7f1669b50f80  Options.max_write_buffer_number: 2
2022/04/14-18:30:34.930191 7f1669b50f80          Options.compression: NoCompression
2022/04/14-18:30:34.930196 7f1669b50f80                  Options.bottommost_compression: Disabled
2022/04/14-18:30:34.930201 7f1669b50f80       Options.prefix_extractor: nullptr
2022/04/14-18:30:34.930206 7f1669b50f80   Options.memtable_insert_with_hint_prefix_extractor: nullptr
2022/04/14-18:30:34.930211 7f1669b50f80             Options.num_levels: 7
2022/04/14-18:30:34.930216 7f1669b50f80        Options.min_write_buffer_number_to_merge: 1
2022/04/14-18:30:34.930221 7f1669b50f80     Options.max_write_buffer_number_to_maintain: 0
2022/04/14-18:30:34.930225 7f1669b50f80     Options.max_write_buffer_size_to_maintain: 0
2022/04/14-18:30:34.930230 7f1669b50f80            Options.bottommost_compression_opts.window_bits: -14
2022/04/14-18:30:34.930235 7f1669b50f80                  Options.bottommost_compression_opts.level: 32767
2022/04/14-18:30:34.930240 7f1669b50f80               Options.bottommost_compression_opts.strategy: 0
2022/04/14-18:30:34.930245 7f1669b50f80         Options.bottommost_compression_opts.max_dict_bytes: 0
2022/04/14-18:30:34.930249 7f1669b50f80         Options.bottommost_compression_opts.zstd_max_train_bytes: 0
2022/04/14-18:30:34.930254 7f1669b50f80         Options.bottommost_compression_opts.parallel_threads: 1
2022/04/14-18:30:34.930259 7f1669b50f80                  Options.bottommost_compression_opts.enabled: false
2022/04/14-18:30:34.930263 7f1669b50f80            Options.compression_opts.window_bits: -14
2022/04/14-18:30:34.930268 7f1669b50f80                  Options.compression_opts.level: 32767
2022/04/14-18:30:34.930273 7f1669b50f80               Options.compression_opts.strategy: 0
2022/04/14-18:30:34.930277 7f1669b50f80         Options.compression_opts.max_dict_bytes: 0
2022/04/14-18:30:34.930282 7f1669b50f80         Options.compression_opts.zstd_max_train_bytes: 0
2022/04/14-18:30:34.930286 7f1669b50f80         Options.compression_opts.parallel_threads: 1
2022/04/14-18:30:34.930291 7f1669b50f80                  Options.compression_opts.enabled: false
2022/04/14-18:30:34.930352 7f1669b50f80      Options.level0_file_num_compaction_trigger: 4
2022/04/14-18:30:34.930361 7f1669b50f80          Options.level0_slowdown_writes_trigger: 20
2022/04/14-18:30:34.930366 7f1669b50f80              Options.level0_stop_writes_trigger: 36
2022/04/14-18:30:34.930371 7f1669b50f80                   Options.target_file_size_base: 67108864
2022/04/14-18:30:34.930376 7f1669b50f80             Options.target_file_size_multiplier: 1
2022/04/14-18:30:34.930381 7f1669b50f80                Options.max_bytes_for_level_base: 268435456
2022/04/14-18:30:34.930386 7f1669b50f80 Options.level_compaction_dynamic_level_bytes: 0
