2022/03/13-21:10:56.613915 7fb29c354f80 RocksDB version: 6.12.7
2022/03/13-21:10:56.613986 7fb29c354f80 Git sha rocksdb_build_git_sha:@0@
2022/03/13-21:10:56.613989 7fb29c354f80 Compile date Jan  1 1980
2022/03/13-21:10:56.614038 7fb29c354f80 DB SUMMARY
2022/03/13-21:10:56.614041 7fb29c354f80 DB Session ID:  RN3KZWDN4O6GHVLLU4BJ
2022/03/13-21:10:56.614065 7fb29c354f80 SST files in /home/ritik/ExternalIntegration/.dfx/state/replicated_state/node-100/ic_consensus_pool/consensus dir, Total Num: 0, files: 
2022/03/13-21:10:56.614069 7fb29c354f80 Write Ahead Log file in /home/ritik/ExternalIntegration/.dfx/state/replicated_state/node-100/ic_consensus_pool/consensus: 
2022/03/13-21:10:56.614071 7fb29c354f80                         Options.error_if_exists: 0
2022/03/13-21:10:56.614073 7fb29c354f80                       Options.create_if_missing: 1
2022/03/13-21:10:56.614074 7fb29c354f80                         Options.paranoid_checks: 1
2022/03/13-21:10:56.614075 7fb29c354f80                                     Options.env: 0x55f9bc5dd8e0
2022/03/13-21:10:56.614077 7fb29c354f80                                      Options.fs: Posix File System
2022/03/13-21:10:56.614079 7fb29c354f80                                Options.info_log: 0x7fb29be5e940
2022/03/13-21:10:56.614080 7fb29c354f80                Options.max_file_opening_threads: 16
2022/03/13-21:10:56.614081 7fb29c354f80                              Options.statistics: (nil)
2022/03/13-21:10:56.614083 7fb29c354f80                               Options.use_fsync: 1
2022/03/13-21:10:56.614084 7fb29c354f80                       Options.max_log_file_size: 0
2022/03/13-21:10:56.614085 7fb29c354f80                  Options.max_manifest_file_size: 1073741824
2022/03/13-21:10:56.614087 7fb29c354f80                   Options.log_file_time_to_roll: 0
2022/03/13-21:10:56.614088 7fb29c354f80                       Options.keep_log_file_num: 1000
2022/03/13-21:10:56.614089 7fb29c354f80                    Options.recycle_log_file_num: 0
2022/03/13-21:10:56.614091 7fb29c354f80                         Options.allow_fallocate: 1
2022/03/13-21:10:56.614092 7fb29c354f80                        Options.allow_mmap_reads: 0
2022/03/13-21:10:56.614094 7fb29c354f80                       Options.allow_mmap_writes: 0
2022/03/13-21:10:56.614095 7fb29c354f80                        Options.use_direct_reads: 0
2022/03/13-21:10:56.614096 7fb29c354f80                        Options.use_direct_io_for_flush_and_compaction: 0
2022/03/13-21:10:56.614098 7fb29c354f80          Options.create_missing_column_families: 1
2022/03/13-21:10:56.614099 7fb29c354f80                              Options.db_log_dir: 
2022/03/13-21:10:56.614100 7fb29c354f80                                 Options.wal_dir: /home/ritik/ExternalIntegration/.dfx/state/replicated_state/node-100/ic_consensus_pool/consensus
2022/03/13-21:10:56.614102 7fb29c354f80                Options.table_cache_numshardbits: 6
2022/03/13-21:10:56.614103 7fb29c354f80                         Options.WAL_ttl_seconds: 0
2022/03/13-21:10:56.614104 7fb29c354f80                       Options.WAL_size_limit_MB: 0
2022/03/13-21:10:56.614105 7fb29c354f80                        Options.max_write_batch_group_size_bytes: 1048576
2022/03/13-21:10:56.614107 7fb29c354f80             Options.manifest_preallocation_size: 4194304
2022/03/13-21:10:56.614108 7fb29c354f80                     Options.is_fd_close_on_exec: 1
2022/03/13-21:10:56.614109 7fb29c354f80                   Options.advise_random_on_open: 1
2022/03/13-21:10:56.614111 7fb29c354f80                    Options.db_write_buffer_size: 0
2022/03/13-21:10:56.614112 7fb29c354f80                    Options.write_buffer_manager: 0x7fb29a16bc60
2022/03/13-21:10:56.614113 7fb29c354f80         Options.access_hint_on_compaction_start: 1
2022/03/13-21:10:56.614115 7fb29c354f80  Options.new_table_reader_for_compaction_inputs: 0
2022/03/13-21:10:56.614116 7fb29c354f80           Options.random_access_max_buffer_size: 1048576
2022/03/13-21:10:56.614117 7fb29c354f80                      Options.use_adaptive_mutex: 0
2022/03/13-21:10:56.614118 7fb29c354f80                            Options.rate_limiter: (nil)
2022/03/13-21:10:56.614131 7fb29c354f80     Options.sst_file_manager.rate_bytes_per_sec: 0
2022/03/13-21:10:56.614133 7fb29c354f80                       Options.wal_recovery_mode: 2
2022/03/13-21:10:56.614135 7fb29c354f80                  Options.enable_thread_tracking: 0
2022/03/13-21:10:56.614136 7fb29c354f80                  Options.enable_pipelined_write: 0
2022/03/13-21:10:56.614137 7fb29c354f80                  Options.unordered_write: 0
2022/03/13-21:10:56.614138 7fb29c354f80         Options.allow_concurrent_memtable_write: 1
2022/03/13-21:10:56.614140 7fb29c354f80      Options.enable_write_thread_adaptive_yield: 1
2022/03/13-21:10:56.614141 7fb29c354f80             Options.write_thread_max_yield_usec: 100
2022/03/13-21:10:56.614142 7fb29c354f80            Options.write_thread_slow_yield_usec: 3
2022/03/13-21:10:56.614144 7fb29c354f80                               Options.row_cache: None
2022/03/13-21:10:56.614145 7fb29c354f80                              Options.wal_filter: None
2022/03/13-21:10:56.614146 7fb29c354f80             Options.avoid_flush_during_recovery: 0
2022/03/13-21:10:56.614148 7fb29c354f80             Options.allow_ingest_behind: 0
2022/03/13-21:10:56.614149 7fb29c354f80             Options.preserve_deletes: 0
2022/03/13-21:10:56.614150 7fb29c354f80             Options.two_write_queues: 0
2022/03/13-21:10:56.614152 7fb29c354f80             Options.manual_wal_flush: 0
2022/03/13-21:10:56.614153 7fb29c354f80             Options.atomic_flush: 0
2022/03/13-21:10:56.614154 7fb29c354f80             Options.avoid_unnecessary_blocking_io: 0
2022/03/13-21:10:56.614155 7fb29c354f80                 Options.persist_stats_to_disk: 0
2022/03/13-21:10:56.614157 7fb29c354f80                 Options.write_dbid_to_manifest: 0
2022/03/13-21:10:56.614158 7fb29c354f80                 Options.log_readahead_size: 0
2022/03/13-21:10:56.614159 7fb29c354f80                 Options.file_checksum_gen_factory: Unknown
2022/03/13-21:10:56.614161 7fb29c354f80                 Options.best_efforts_recovery: 0
2022/03/13-21:10:56.614162 7fb29c354f80                Options.max_bgerror_resume_count: 2147483647
2022/03/13-21:10:56.614163 7fb29c354f80            Options.bgerror_resume_retry_interval: 1000000
2022/03/13-21:10:56.614165 7fb29c354f80             Options.max_background_jobs: 2
2022/03/13-21:10:56.614166 7fb29c354f80             Options.max_background_compactions: -1
2022/03/13-21:10:56.614167 7fb29c354f80             Options.max_subcompactions: 1
2022/03/13-21:10:56.614169 7fb29c354f80             Options.avoid_flush_during_shutdown: 0
2022/03/13-21:10:56.614170 7fb29c354f80           Options.writable_file_max_buffer_size: 1048576
2022/03/13-21:10:56.614172 7fb29c354f80             Options.delayed_write_rate : 16777216
2022/03/13-21:10:56.614173 7fb29c354f80             Options.max_total_wal_size: 0
2022/03/13-21:10:56.614174 7fb29c354f80             Options.delete_obsolete_files_period_micros: 21600000000
2022/03/13-21:10:56.614176 7fb29c354f80                   Options.stats_dump_period_sec: 600
2022/03/13-21:10:56.614177 7fb29c354f80                 Options.stats_persist_period_sec: 600
2022/03/13-21:10:56.614178 7fb29c354f80                 Options.stats_history_buffer_size: 1048576
2022/03/13-21:10:56.614180 7fb29c354f80                          Options.max_open_files: -1
2022/03/13-21:10:56.614181 7fb29c354f80                          Options.bytes_per_sync: 0
2022/03/13-21:10:56.614182 7fb29c354f80                      Options.wal_bytes_per_sync: 0
2022/03/13-21:10:56.614184 7fb29c354f80                   Options.strict_bytes_per_sync: 0
2022/03/13-21:10:56.614185 7fb29c354f80       Options.compaction_readahead_size: 0
2022/03/13-21:10:56.614186 7fb29c354f80                  Options.max_background_flushes: -1
2022/03/13-21:10:56.614188 7fb29c354f80 Compression algorithms supported:
2022/03/13-21:10:56.614189 7fb29c354f80 	kZSTDNotFinalCompression supported: 1
2022/03/13-21:10:56.614195 7fb29c354f80 	kZSTD supported: 1
2022/03/13-21:10:56.614197 7fb29c354f80 	kXpressCompression supported: 0
2022/03/13-21:10:56.614199 7fb29c354f80 	kLZ4HCCompression supported: 1
2022/03/13-21:10:56.614207 7fb29c354f80 	kLZ4Compression supported: 1
2022/03/13-21:10:56.614209 7fb29c354f80 	kBZip2Compression supported: 1
2022/03/13-21:10:56.614211 7fb29c354f80 	kZlibCompression supported: 1
2022/03/13-21:10:56.614212 7fb29c354f80 	kSnappyCompression supported: 1
2022/03/13-21:10:56.614215 7fb29c354f80 Fast CRC32 supported: Supported on x86
2022/03/13-21:10:56.656877 7fb29c354f80 [db/db_impl/db_impl_open.cc:271] Creating manifest 1 
2022/03/13-21:10:56.780435 7fb29c354f80 [db/version_set.cc:4559] Recovering from manifest file: /home/ritik/ExternalIntegration/.dfx/state/replicated_state/node-100/ic_consensus_pool/consensus/MANIFEST-000001
2022/03/13-21:10:56.780874 7fb29c354f80 [db/column_family.cc:578] --------------- Options for column family [default]:
2022/03/13-21:10:56.780889 7fb29c354f80               Options.comparator: leveldb.BytewiseComparator
2022/03/13-21:10:56.780896 7fb29c354f80           Options.merge_operator: None
2022/03/13-21:10:56.780901 7fb29c354f80        Options.compaction_filter: None
2022/03/13-21:10:56.780906 7fb29c354f80        Options.compaction_filter_factory: None
2022/03/13-21:10:56.780911 7fb29c354f80  Options.sst_partitioner_factory: None
2022/03/13-21:10:56.780916 7fb29c354f80         Options.memtable_factory: SkipListFactory
2022/03/13-21:10:56.780921 7fb29c354f80            Options.table_factory: BlockBasedTable
2022/03/13-21:10:56.781028 7fb29c354f80            table_factory options:   flush_block_policy_factory: FlushBlockBySizePolicyFactory (0x7fb29a1674e0)
  cache_index_and_filter_blocks: 0
  cache_index_and_filter_blocks_with_high_priority: 1
  pin_l0_filter_and_index_blocks_in_cache: 0
  pin_top_level_index_and_filter: 1
  index_type: 0
  data_block_index_type: 0
  index_shortening: 1
  data_block_hash_table_util_ratio: 0.750000
  hash_index_allow_collision: 1
  checksum: 1
  no_block_cache: 0
  block_cache: 0x7fb29a1c9d90
  block_cache_name: LRUCache
  block_cache_options:
    capacity : 8388608
    num_shard_bits : 4
    strict_capacity_limit : 0
    memory_allocator : None
    high_pri_pool_ratio: 0.000
  block_cache_compressed: (nil)
  persistent_cache: (nil)
  block_size: 4096
  block_size_deviation: 10
  block_restart_interval: 16
  index_block_restart_interval: 1
  metadata_block_size: 4096
  partition_filters: 0
  use_delta_encoding: 1
  filter_policy: nullptr
  whole_key_filtering: 1
  verify_compression: 0
  read_amp_bytes_per_bit: 0
  format_version: 4
  enable_index_compression: 1
  block_align: 0
2022/03/13-21:10:56.781056 7fb29c354f80        Options.write_buffer_size: 67108864
2022/03/13-21:10:56.781063 7fb29c354f80  Options.max_write_buffer_number: 2
2022/03/13-21:10:56.781069 7fb29c354f80          Options.compression: Snappy
2022/03/13-21:10:56.781074 7fb29c354f80                  Options.bottommost_compression: Disabled
2022/03/13-21:10:56.781079 7fb29c354f80       Options.prefix_extractor: nullptr
2022/03/13-21:10:56.781084 7fb29c354f80   Options.memtable_insert_with_hint_prefix_extractor: nullptr
2022/03/13-21:10:56.781089 7fb29c354f80             Options.num_levels: 7
2022/03/13-21:10:56.781093 7fb29c354f80        Options.min_write_buffer_number_to_merge: 1
2022/03/13-21:10:56.781098 7fb29c354f80     Options.max_write_buffer_number_to_maintain: 0
2022/03/13-21:10:56.781103 7fb29c354f80     Options.max_write_buffer_size_to_maintain: 0
2022/03/13-21:10:56.781108 7fb29c354f80            Options.bottommost_compression_opts.window_bits: -14
2022/03/13-21:10:56.781113 7fb29c354f80                  Options.bottommost_compression_opts.level: 32767
2022/03/13-21:10:56.781118 7fb29c354f80               Options.bottommost_compression_opts.strategy: 0
2022/03/13-21:10:56.781122 7fb29c354f80         Options.bottommost_compression_opts.max_dict_bytes: 0
2022/03/13-21:10:56.781127 7fb29c354f80         Options.bottommost_compression_opts.zstd_max_train_bytes: 0
2022/03/13-21:10:56.781132 7fb29c354f80         Options.bottommost_compression_opts.parallel_threads: 1
2022/03/13-21:10:56.781136 7fb29c354f80                  Options.bottommost_compression_opts.enabled: false
2022/03/13-21:10:56.781202 7fb29c354f80            Options.compression_opts.window_bits: -14
2022/03/13-21:10:56.781210 7fb29c354f80                  Options.compression_opts.level: 32767
2022/03/13-21:10:56.781216 7fb29c354f80               Options.compression_opts.strategy: 0
2022/03/13-21:10:56.781221 7fb29c354f80         Options.compression_opts.max_dict_bytes: 0
2022/03/13-21:10:56.781226 7fb29c354f80         Options.compression_opts.zstd_max_train_bytes: 0
2022/03/13-21:10:56.781230 7fb29c354f80         Options.compression_opts.parallel_threads: 1
2022/03/13-21:10:56.781235 7fb29c354f80                  Options.compression_opts.enabled: false
2022/03/13-21:10:56.781239 7fb29c354f80      Options.level0_file_num_compaction_trigger: 4
2022/03/13-21:10:56.781244 7fb29c354f80          Options.level0_slowdown_writes_trigger: 20
2022/03/13-21:10:56.781249 7fb29c354f80              Options.level0_stop_writes_trigger: 36
2022/03/13-21:10:56.781253 7fb29c354f80                   Options.target_file_size_base: 67108864
2022/03/13-21:10:56.781258 7fb29c354f80             Options.target_file_size_multiplier: 1
2022/03/13-21:10:56.781263 7fb29c354f80                Options.max_bytes_for_level_base: 268435456
2022/03/13-21:10:56.781268 7fb29c354f80 Options.level_compaction_dynamic_level_bytes: 0
2022/03/13-21:10:56.781272 7fb29c354f80          Options.max_bytes_for_level_multiplier: 10.000000
2022/03/13-21:10:56.781282 7fb29c354f80 Options.max_bytes_for_level_multiplier_addtl[0]: 1
2022/03/13-21:10:56.781288 7fb29c354f80 Options.max_bytes_for_level_multiplier_addtl[1]: 1
2022/03/13-21:10:56.781293 7fb29c354f80 Options.max_bytes_for_level_multiplier_addtl[2]: 1
2022/03/13-21:10:56.781298 7fb29c354f80 Options.max_bytes_for_level_multiplier_addtl[3]: 1
2022/03/13-21:10:56.781303 7fb29c354f80 Options.max_bytes_for_level_multiplier_addtl[4]: 1
2022/03/13-21:10:56.781307 7fb29c354f80 Options.max_bytes_for_level_multiplier_addtl[5]: 1
2022/03/13-21:10:56.781312 7fb29c354f80 Options.max_bytes_for_level_multiplier_addtl[6]: 1
2022/03/13-21:10:56.781317 7fb29c354f80       Options.max_sequential_skip_in_iterations: 8
2022/03/13-21:10:56.781322 7fb29c354f80                    Options.max_compaction_bytes: 1677721600
2022/03/13-21:10:56.781326 7fb29c354f80                        Options.arena_block_size: 8388608
2022/03/13-21:10:56.781331 7fb29c354f80   Options.soft_pending_compaction_bytes_limit: 68719476736
2022/03/13-21:10:56.781336 7fb29c354f80   Options.hard_pending_compaction_bytes_limit: 274877906944
2022/03/13-21:10:56.781341 7fb29c354f80       Options.rate_limit_delay_max_milliseconds: 100
2022/03/13-21:10:56.781346 7fb29c354f80                Options.disable_auto_compactions: 0
2022/03/13-21:10:56.781352 7fb29c354f80                        Options.compaction_style: kCompactionStyleLevel
2022/03/13-21:10:56.781357 7fb29c354f80                          Options.compaction_pri: kMinOverlappingRatio
2022/03/13-21:10:56.781362 7fb29c354f80 Options.compaction_options_universal.size_ratio: 1
2022/03/13-21:10:56.781367 7fb29c354f80 Options.compaction_options_universal.min_merge_width: 2
2022/03/13-21:10:56.781372 7fb29c354f80 Options.compaction_options_universal.max_merge_width: 4294967295
2022/03/13-21:10:56.781376 7fb29c354f80 Options.compaction_options_universal.max_size_amplification_percent: 200
2022/03/13-21:10:56.781381 7fb29c354f80 Options.compaction_options_universal.compression_size_percent: -1
2022/03/13-21:10:56.781386 7fb29c354f80 Options.compaction_options_universal.stop_style: kCompactionStopStyleTotalSize
2022/03/13-21:10:56.781391 7fb29c354f80 Options.compaction_options_fifo.max_table_files_size: 1073741824
2022/03/13-21:10:56.781396 7fb29c354f80 Options.compaction_options_fifo.allow_compaction: 0
2022/03/13-21:10:56.781410 7fb29c354f80                   Options.table_properties_collectors: 
2022/03/13-21:10:56.781415 7fb29c354f80                   Options.inplace_update_support: 0
2022/03/13-21:10:56.781420 7fb29c354f80                 Options.inplace_update_num_locks: 10000
2022/03/13-21:10:56.781453 7fb29c354f80               Options.memtable_prefix_bloom_size_ratio: 0.000000
2022/03/13-21:10:56.781463 7fb29c354f80               Options.memtable_whole_key_filtering: 0
2022/03/13-21:10:56.781469 7fb29c354f80   Options.memtable_huge_page_size: 0
2022/03/13-21:10:56.781474 7fb29c354f80                           Options.bloom_locality: 0
2022/03/13-21:10:56.781478 7fb29c354f80                    Options.max_successive_merges: 0
2022/03/13-21:10:56.781483 7fb29c354f80                Options.optimize_filters_for_hits: 0
2022/03/13-21:10:56.781488 7fb29c354f80                Options.paranoid_file_checks: 0
2022/03/13-21:10:56.781492 7fb29c354f80                Options.force_consistency_checks: 0
2022/03/13-21:10:56.781497 7fb29c354f80                Options.report_bg_io_stats: 0
2022/03/13-21:10:56.781501 7fb29c354f80                               Options.ttl: 2592000
2022/03/13-21:10:56.781506 7fb29c354f80          Options.periodic_compaction_seconds: 0
2022/03/13-21:10:56.783525 7fb29c354f80 [db/version_set.cc:4708] Recovered from manifest file:/home/ritik/ExternalIntegration/.dfx/state/replicated_state/node-100/ic_consensus_pool/consensus/MANIFEST-000001 succeeded,manifest_file_number is 1, next_file_number is 3, last_sequence is 0, log_number is 0,prev_log_number is 0,max_column_family is 0,min_log_number_to_keep is 0
2022/03/13-21:10:56.783549 7fb29c354f80 [db/version_set.cc:4724] Column family [default] (ID 0), log number is 0
2022/03/13-21:10:56.783948 7fb29c354f80 [db/version_set.cc:3949] Creating manifest 4
2022/03/13-21:10:56.892791 7fb29c354f80 [db/column_family.cc:578] --------------- Options for column family [RB]:
2022/03/13-21:10:56.892820 7fb29c354f80               Options.comparator: leveldb.BytewiseComparator
2022/03/13-21:10:56.892828 7fb29c354f80           Options.merge_operator: None
2022/03/13-21:10:56.892834 7fb29c354f80        Options.compaction_filter: filter_outdated
2022/03/13-21:10:56.892840 7fb29c354f80        Options.compaction_filter_factory: None
2022/03/13-21:10:56.892845 7fb29c354f80  Options.sst_partitioner_factory: None
2022/03/13-21:10:56.892849 7fb29c354f80         Options.memtable_factory: SkipListFactory
2022/03/13-21:10:56.892854 7fb29c354f80            Options.table_factory: BlockBasedTable
2022/03/13-21:10:56.892939 7fb29c354f80            table_factory options:   flush_block_policy_factory: FlushBlockBySizePolicyFactory (0x7fb29a1673b8)
  cache_index_and_filter_blocks: 0
  cache_index_and_filter_blocks_with_high_priority: 1
  pin_l0_filter_and_index_blocks_in_cache: 0
  pin_top_level_index_and_filter: 1
  index_type: 0
  data_block_index_type: 0
  index_shortening: 1
  data_block_hash_table_util_ratio: 0.750000
  hash_index_allow_collision: 1
  checksum: 1
  no_block_cache: 0
  block_cache: 0x7fb29a1b4790
  block_cache_name: LRUCache
  block_cache_options:
    capacity : 8388608
    num_shard_bits : 4
    strict_capacity_limit : 0
    memory_allocator : None
    high_pri_pool_ratio: 0.000
  block_cache_compressed: (nil)
  persistent_cache: (nil)
  block_size: 4096
  block_size_deviation: 10
  block_restart_interval: 16
  index_block_restart_interval: 1
  metadata_block_size: 4096
  partition_filters: 0
  use_delta_encoding: 1
  filter_policy: nullptr
  whole_key_filtering: 1
  verify_compression: 0
  read_amp_bytes_per_bit: 0
  format_version: 4
  enable_index_compression: 1
  block_align: 0
2022/03/13-21:10:56.892960 7fb29c354f80        Options.write_buffer_size: 67108864
2022/03/13-21:10:56.892967 7fb29c354f80  Options.max_write_buffer_number: 2
2022/03/13-21:10:56.892973 7fb29c354f80          Options.compression: NoCompression
2022/03/13-21:10:56.892978 7fb29c354f80                  Options.bottommost_compression: Disabled
2022/03/13-21:10:56.892983 7fb29c354f80       Options.prefix_extractor: nullptr
2022/03/13-21:10:56.892988 7fb29c354f80   Options.memtable_insert_with_hint_prefix_extractor: nullptr
2022/03/13-21:10:56.892993 7fb29c354f80             Options.num_levels: 7
2022/03/13-21:10:56.892998 7fb29c354f80        Options.min_write_buffer_number_to_merge: 1
2022/03/13-21:10:56.893002 7fb29c354f80     Options.max_write_buffer_number_to_maintain: 0
2022/03/13-21:10:56.893007 7fb29c354f80     Options.max_write_buffer_size_to_maintain: 0
2022/03/13-21:10:56.893012 7fb29c354f80            Options.bottommost_compression_opts.window_bits: -14
2022/03/13-21:10:56.893017 7fb29c354f80                  Options.bottommost_compression_opts.level: 32767
2022/03/13-21:10:56.893022 7fb29c354f80               Options.bottommost_compression_opts.strategy: 0
2022/03/13-21:10:56.893027 7fb29c354f80         Options.bottommost_compression_opts.max_dict_bytes: 0
2022/03/13-21:10:56.893031 7fb29c354f80         Options.bottommost_compression_opts.zstd_max_train_bytes: 0
2022/03/13-21:10:56.893036 7fb29c354f80         Options.bottommost_compression_opts.parallel_threads: 1
2022/03/13-21:10:56.893041 7fb29c354f80                  Options.bottommost_compression_opts.enabled: false
2022/03/13-21:10:56.893046 7fb29c354f80            Options.compression_opts.window_bits: -14
2022/03/13-21:10:56.893051 7fb29c354f80                  Options.compression_opts.level: 32767
2022/03/13-21:10:56.893055 7fb29c354f80               Options.compression_opts.strategy: 0
2022/03/13-21:10:56.893060 7fb29c354f80         Options.compression_opts.max_dict_bytes: 0
2022/03/13-21:10:56.893065 7fb29c354f80         Options.compression_opts.zstd_max_train_bytes: 0
2022/03/13-21:10:56.893069 7fb29c354f80         Options.compression_opts.parallel_threads: 1
2022/03/13-21:10:56.893074 7fb29c354f80                  Options.compression_opts.enabled: false
2022/03/13-21:10:56.893121 7fb29c354f80      Options.level0_file_num_compaction_trigger: 4
2022/03/13-21:10:56.893129 7fb29c354f80          Options.level0_slowdown_writes_trigger: 20
2022/03/13-21:10:56.893135 7fb29c354f80              Options.level0_stop_writes_trigger: 36
2022/03/13-21:10:56.893140 7fb29c354f80                   Options.target_file_size_base: 67108864
2022/03/13-21:10:56.893144 7fb29c354f80             Options.target_file_size_multiplier: 1
2022/03/13-21:10:56.893149 7fb29c354f80                Options.max_bytes_for_level_base: 268435456
2022/03/13-21:10:56.893154 7fb29c354f80 Options.level_compaction_dynamic_level_bytes: 0
2022/03/13-21:10:56.893158 7fb29c354f80          Options.max_bytes_for_level_multiplier: 10.000000
2022/03/13-21:10:56.893168 7fb29c354f80 Options.max_bytes_for_level_multiplier_addtl[0]: 1
2022/03/13-21:10:56.893174 7fb29c354f80 Options.max_bytes_for_level_multiplier_addtl[1]: 1
2022/03/13-21:10:56.893179 7fb29c354f80 Options.max_bytes_for_level_multiplier_addtl[2]: 1
2022/03/13-21:10:56.893184 7fb29c354f80 Options.max_bytes_for_level_multiplier_addtl[3]: 1
2022/03/13-21:10:56.893189 7fb29c354f80 Options.max_bytes_for_level_multiplier_addtl[4]: 1
2022/03/13-21:10:56.893194 7fb29c354f80 Options.max_bytes_for_level_multiplier_addtl[5]: 1
2022/03/13-21:10:56.893198 7fb29c354f80 Options.max_bytes_for_level_multiplier_addtl[6]: 1
2022/03/13-21:10:56.893203 7fb29c354f80       Options.max_sequential_skip_in_iterations: 8
2022/03/13-21:10:56.893208 7fb29c354f80                    Options.max_compaction_bytes: 1677721600
2022/03/13-21:10:56.893213 7fb29c354f80                        Options.arena_block_size: 8388608
2022/03/13-21:10:56.893218 7fb29c354f80   Options.soft_pending_compaction_bytes_limit: 68719476736
2022/03/13-21:10:56.893223 7fb29c354f80   Options.hard_pending_compaction_bytes_limit: 274877906944
2022/03/13-21:10:56.893228 7fb29c354f80       Options.rate_limit_delay_max_milliseconds: 100
2022/03/13-21:10:56.893232 7fb29c354f80                Options.disable_auto_compactions: 1
2022/03/13-21:10:56.893239 7fb29c354f80                        Options.compaction_style: kCompactionStyleLevel
2022/03/13-21:10:56.893244 7fb29c354f80                          Options.compaction_pri: kMinOverlappingRatio
2022/03/13-21:10:56.893249 7fb29c354f80 Options.compaction_options_universal.size_ratio: 1
2022/03/13-21:10:56.893254 7fb29c354f80 Options.compaction_options_universal.min_merge_width: 2
2022/03/13-21:10:56.893259 7fb29c354f80 Options.compaction_options_universal.max_merge_width: 4294967295
2022/03/13-21:10:56.893264 7fb29c354f80 Options.compaction_options_universal.max_size_amplification_percent: 200
2022/03/13-21:10:56.893268 7fb29c354f80 Options.compaction_options_universal.compression_size_percent: -1
2022/03/13-21:10:56.893274 7fb29c354f80 Options.compaction_options_universal.stop_style: kCompactionStopStyleTotalSize
2022/03/13-21:10:56.893278 7fb29c354f80 Options.compaction_options_fifo.max_table_files_size: 1073741824
2022/03/13-21:10:56.893283 7fb29c354f80 Options.compaction_options_fifo.allow_compaction: 0
2022/03/13-21:10:56.893297 7fb29c354f80                   Options.table_properties_collectors: 
2022/03/13-21:10:56.893302 7fb29c354f80                   Options.inplace_update_support: 0
2022/03/13-21:10:56.893307 7fb29c354f80                 Options.inplace_update_num_locks: 10000
2022/03/13-21:10:56.893312 7fb29c354f80               Options.memtable_prefix_bloom_size_ratio: 0.000000
2022/03/13-21:10:56.893319 7fb29c354f80               Options.memtable_whole_key_filtering: 0
2022/03/13-21:10:56.893324 7fb29c354f80   Options.memtable_huge_page_size: 0
2022/03/13-21:10:56.893329 7fb29c354f80                           Options.bloom_locality: 0
2022/03/13-21:10:56.893333 7fb29c354f80                    Options.max_successive_merges: 0
2022/03/13-21:10:56.893338 7fb29c354f80                Options.optimize_filters_for_hits: 0
2022/03/13-21:10:56.893343 7fb29c354f80                Options.paranoid_file_checks: 0
2022/03/13-21:10:56.893347 7fb29c354f80                Options.force_consistency_checks: 0
2022/03/13-21:10:56.893377 7fb29c354f80                Options.report_bg_io_stats: 0
2022/03/13-21:10:56.893385 7fb29c354f80                               Options.ttl: 2592000
2022/03/13-21:10:56.893390 7fb29c354f80          Options.periodic_compaction_seconds: 2592000
2022/03/13-21:10:56.893549 7fb29c354f80 [db/db_impl/db_impl.cc:2561] Created column family [RB] (ID 1)
2022/03/13-21:10:56.982385 7fb29c354f80 [db/column_family.cc:578] --------------- Options for column family [FZ]:
2022/03/13-21:10:56.982421 7fb29c354f80               Options.comparator: leveldb.BytewiseComparator
2022/03/13-21:10:56.982428 7fb29c354f80           Options.merge_operator: None
2022/03/13-21:10:56.982434 7fb29c354f80        Options.compaction_filter: filter_outdated
2022/03/13-21:10:56.982439 7fb29c354f80        Options.compaction_filter_factory: None
2022/03/13-21:10:56.982443 7fb29c354f80  Options.sst_partitioner_factory: None
2022/03/13-21:10:56.982447 7fb29c354f80         Options.memtable_factory: SkipListFactory
2022/03/13-21:10:56.982452 7fb29c354f80            Options.table_factory: BlockBasedTable
2022/03/13-21:10:56.982525 7fb29c354f80            table_factory options:   flush_block_policy_factory: FlushBlockBySizePolicyFactory (0x7fb29a1673d0)
  cache_index_and_filter_blocks: 0
  cache_index_and_filter_blocks_with_high_priority: 1
  pin_l0_filter_and_index_blocks_in_cache: 0
  pin_top_level_index_and_filter: 1
  index_type: 0
  data_block_index_type: 0
  index_shortening: 1
  data_block_hash_table_util_ratio: 0.750000
  hash_index_allow_collision: 1
  checksum: 1
  no_block_cache: 0
  block_cache: 0x7fb29be25010
  block_cache_name: LRUCache
  block_cache_options:
    capacity : 8388608
    num_shard_bits : 4
    strict_capacity_limit : 0
    memory_allocator : None
    high_pri_pool_ratio: 0.000
  block_cache_compressed: (nil)
  persistent_cache: (nil)
  block_size: 4096
  block_size_deviation: 10
  block_restart_interval: 16
  index_block_restart_interval: 1
  metadata_block_size: 4096
  partition_filters: 0
  use_delta_encoding: 1
  filter_policy: nullptr
  whole_key_filtering: 1
  verify_compression: 0
  read_amp_bytes_per_bit: 0
  format_version: 4
  enable_index_compression: 1
  block_align: 0
2022/03/13-21:10:56.982539 7fb29c354f80        Options.write_buffer_size: 67108864
2022/03/13-21:10:56.982545 7fb29c354f80  Options.max_write_buffer_number: 2
2022/03/13-21:10:56.982550 7fb29c354f80          Options.compression: NoCompression
2022/03/13-21:10:56.982555 7fb29c354f80                  Options.bottommost_compression: Disabled
2022/03/13-21:10:56.982559 7fb29c354f80       Options.prefix_extractor: nullptr
2022/03/13-21:10:56.982564 7fb29c354f80   Options.memtable_insert_with_hint_prefix_extractor: nullptr
2022/03/13-21:10:56.982568 7fb29c354f80             Options.num_levels: 7
2022/03/13-21:10:56.982572 7fb29c354f80        Options.min_write_buffer_number_to_merge: 1
2022/03/13-21:10:56.982576 7fb29c354f80     Options.max_write_buffer_number_to_maintain: 0
2022/03/13-21:10:56.982581 7fb29c354f80     Options.max_write_buffer_size_to_maintain: 0
2022/03/13-21:10:56.982585 7fb29c354f80            Options.bottommost_compression_opts.window_bits: -14
2022/03/13-21:10:56.982589 7fb29c354f80                  Options.bottommost_compression_opts.level: 32767
2022/03/13-21:10:56.982594 7fb29c354f80               Options.bottommost_compression_opts.strategy: 0
2022/03/13-21:10:56.982598 7fb29c354f80         Options.bottommost_compression_opts.max_dict_bytes: 0
2022/03/13-21:10:56.982602 7fb29c354f80         Options.bottommost_compression_opts.zstd_max_train_bytes: 0
2022/03/13-21:10:56.982606 7fb29c354f80         Options.bottommost_compression_opts.parallel_threads: 1
2022/03/13-21:10:56.982610 7fb29c354f80                  Options.bottommost_compression_opts.enabled: false
2022/03/13-21:10:56.982615 7fb29c354f80            Options.compression_opts.window_bits: -14
2022/03/13-21:10:56.982619 7fb29c354f80                  Options.compression_opts.level: 32767
2022/03/13-21:10:56.982623 7fb29c354f80               Options.compression_opts.strategy: 0
2022/03/13-21:10:56.982627 7fb29c354f80         Options.compression_opts.max_dict_bytes: 0
2022/03/13-21:10:56.982631 7fb29c354f80         Options.compression_opts.zstd_max_train_bytes: 0
2022/03/13-21:10:56.982635 7fb29c354f80         Options.compression_opts.parallel_threads: 1
2022/03/13-21:10:56.982639 7fb29c354f80                  Options.compression_opts.enabled: false
2022/03/13-21:10:56.982688 7fb29c354f80      Options.level0_file_num_compaction_trigger: 4
2022/03/13-21:10:56.982696 7fb29c354f80          Options.level0_slowdown_writes_trigger: 20
2022/03/13-21:10:56.982700 7fb29c354f80              Options.level0_stop_writes_trigger: 36
2022/03/13-21:10:56.982704 7fb29c354f80                   Options.target_file_size_base: 67108864
2022/03/13-21:10:56.982709 7fb29c354f80             Options.target_file_size_multiplier: 1
2022/03/13-21:10:56.982713 7fb29c354f80                Options.max_bytes_for_level_base: 268435456
2022/03/13-21:10:56.982717 7fb29c354f80 Options.level_compaction_dynamic_level_bytes: 0
2022/03/13-21:10:56.982721 7fb29c354f80          Options.max_bytes_for_level_multiplier: 10.000000
2022/03/13-21:10:56.982730 7fb29c354f80 Options.max_bytes_for_level_multiplier_addtl[0]: 1
2022/03/13-21:10:56.982735 7fb29c354f80 Options.max_bytes_for_level_multiplier_addtl[1]: 1
2022/03/13-21:10:56.982740 7fb29c354f80 Options.max_bytes_for_level_multiplier_addtl[2]: 1
2022/03/13-21:10:56.982744 7fb29c354f80 Options.max_bytes_for_level_multiplier_addtl[3]: 1
2022/03/13-21:10:56.982749 7fb29c354f80 Options.max_bytes_for_level_multiplier_addtl[4]: 1
2022/03/13-21:10:56.982753 7fb29c354f80 Options.max_bytes_for_level_multiplier_addtl[5]: 1
2022/03/13-21:10:56.982757 7fb29c354f80 Options.max_bytes_for_level_multiplier_addtl[6]: 1
2022/03/13-21:10:56.982761 7fb29c354f80       Options.max_sequential_skip_in_iterations: 8
2022/03/13-21:10:56.982766 7fb29c354f80                    Options.max_compaction_bytes: 1677721600
2022/03/13-21:10:56.982770 7fb29c354f80                        Options.arena_block_size: 8388608
2022/03/13-21:10:56.982774 7fb29c354f80   Options.soft_pending_compaction_bytes_limit: 68719476736
2022/03/13-21:10:56.982779 7fb29c354f80   Options.hard_pending_compaction_bytes_limit: 274877906944
2022/03/13-21:10:56.982783 7fb29c354f80       Options.rate_limit_delay_max_milliseconds: 100
2022/03/13-21:10:56.982787 7fb29c354f80                Options.disable_auto_compactions: 1
2022/03/13-21:10:56.982793 7fb29c354f80                        Options.compaction_style: kCompactionStyleLevel
2022/03/13-21:10:56.982798 7fb29c354f80                          Options.compaction_pri: kMinOverlappingRatio
2022/03/13-21:10:56.982802 7fb29c354f80 Options.compaction_options_universal.size_ratio: 1
2022/03/13-21:10:56.982807 7fb29c354f80 Options.compaction_options_universal.min_merge_width: 2
2022/03/13-21:10:56.982811 7fb29c354f80 Options.compaction_options_universal.max_merge_width: 4294967295
2022/03/13-21:10:56.982815 7fb29c354f80 Options.compaction_options_universal.max_size_amplification_percent: 200
2022/03/13-21:10:56.982819 7fb29c354f80 Options.compaction_options_universal.compression_size_percent: -1
2022/03/13-21:10:56.982824 7fb29c354f80 Options.compaction_options_universal.stop_style: kCompactionStopStyleTotalSize
2022/03/13-21:10:56.982828 7fb29c354f80 Options.compaction_options_fifo.max_table_files_size: 1073741824
2022/03/13-21:10:56.982833 7fb29c354f80 Options.compaction_options_fifo.allow_compaction: 0
2022/03/13-21:10:56.982845 7fb29c354f80                   Options.table_properties_collectors: 
2022/03/13-21:10:56.982850 7fb29c354f80                   Options.inplace_update_support: 0
2022/03/13-21:10:56.982854 7fb29c354f80                 Options.inplace_update_num_locks: 10000
2022/03/13-21:10:56.982859 7fb29c354f80               Options.memtable_prefix_bloom_size_ratio: 0.000000
2022/03/13-21:10:56.982864 7fb29c354f80               Options.memtable_whole_key_filtering: 0
2022/03/13-21:10:56.982869 7fb29c354f80   Options.memtable_huge_page_size: 0
2022/03/13-21:10:56.982873 7fb29c354f80                           Options.bloom_locality: 0
2022/03/13-21:10:56.982877 7fb29c354f80                    Options.max_successive_merges: 0
2022/03/13-21:10:56.982881 7fb29c354f80                Options.optimize_filters_for_hits: 0
2022/03/13-21:10:56.982885 7fb29c354f80                Options.paranoid_file_checks: 0
2022/03/13-21:10:56.982889 7fb29c354f80                Options.force_consistency_checks: 0
2022/03/13-21:10:56.982917 7fb29c354f80                Options.report_bg_io_stats: 0
2022/03/13-21:10:56.982923 7fb29c354f80                               Options.ttl: 2592000
2022/03/13-21:10:56.982928 7fb29c354f80          Options.periodic_compaction_seconds: 2592000
2022/03/13-21:10:56.983053 7fb29c354f80 [db/db_impl/db_impl.cc:2561] Created column family [FZ] (ID 2)
2022/03/13-21:10:57.084457 7fb29c354f80 [db/column_family.cc:578] --------------- Options for column family [NZ]:
2022/03/13-21:10:57.084494 7fb29c354f80               Options.comparator: leveldb.BytewiseComparator
2022/03/13-21:10:57.084502 7fb29c354f80           Options.merge_operator: None
2022/03/13-21:10:57.084509 7fb29c354f80        Options.compaction_filter: filter_outdated
2022/03/13-21:10:57.084515 7fb29c354f80        Options.compaction_filter_factory: None
2022/03/13-21:10:57.084519 7fb29c354f80  Options.sst_partitioner_factory: None
2022/03/13-21:10:57.084524 7fb29c354f80         Options.memtable_factory: SkipListFactory
2022/03/13-21:10:57.084529 7fb29c354f80            Options.table_factory: BlockBasedTable
2022/03/13-21:10:57.084602 7fb29c354f80            table_factory options:   flush_block_policy_factory: FlushBlockBySizePolicyFactory (0x7fb29a1673e8)
  cache_index_and_filter_blocks: 0
  cache_index_and_filter_blocks_with_high_priority: 1
  pin_l0_filter_and_index_blocks_in_cache: 0
  pin_top_level_index_and_filter: 1
  index_type: 0
  data_block_index_type: 0
  index_shortening: 1
  data_block_hash_table_util_ratio: 0.750000
  hash_index_allow_collision: 1
  checksum: 1
  no_block_cache: 0
  block_cache: 0x7fb29be25890
  block_cache_name: LRUCache
  block_cache_options:
    capacity : 8388608
    num_shard_bits : 4
    strict_capacity_limit : 0
    memory_allocator : None
    high_pri_pool_ratio: 0.000
  block_cache_compressed: (nil)
  persistent_cache: (nil)
  block_size: 4096
  block_size_deviation: 10
  block_restart_interval: 16
  index_block_restart_interval: 1
  metadata_block_size: 4096
  partition_filters: 0
  use_delta_encoding: 1
  filter_policy: nullptr
  whole_key_filtering: 1
  verify_compression: 0
  read_amp_bytes_per_bit: 0
  format_version: 4
  enable_index_compression: 1
  block_align: 0
2022/03/13-21:10:57.084624 7fb29c354f80        Options.write_buffer_size: 67108864
2022/03/13-21:10:57.084632 7fb29c354f80  Options.max_write_buffer_number: 2
2022/03/13-21:10:57.084638 7fb29c354f80          Options.compression: NoCompression
2022/03/13-21:10:57.084643 7fb29c354f80                  Options.bottommost_compression: Disabled
2022/03/13-21:10:57.084648 7fb29c354f80       Options.prefix_extractor: nullptr
2022/03/13-21:10:57.084653 7fb29c354f80   Options.memtable_insert_with_hint_prefix_extractor: nullptr
2022/03/13-21:10:57.084658 7fb29c354f80             Options.num_levels: 7
2022/03/13-21:10:57.084663 7fb29c354f80        Options.min_write_buffer_number_to_merge: 1
2022/03/13-21:10:57.084667 7fb29c354f80     Options.max_write_buffer_number_to_maintain: 0
2022/03/13-21:10:57.084672 7fb29c354f80     Options.max_write_buffer_size_to_maintain: 0
2022/03/13-21:10:57.084677 7fb29c354f80            Options.bottommost_compression_opts.window_bits: -14
2022/03/13-21:10:57.084682 7fb29c354f80                  Options.bottommost_compression_opts.level: 32767
2022/03/13-21:10:57.084687 7fb29c354f80               Options.bottommost_compression_opts.strategy: 0
2022/03/13-21:10:57.084692 7fb29c354f80         Options.bottommost_compression_opts.max_dict_bytes: 0
2022/03/13-21:10:57.084696 7fb29c354f80         Options.bottommost_compression_opts.zstd_max_train_bytes: 0
2022/03/13-21:10:57.084701 7fb29c354f80         Options.bottommost_compression_opts.parallel_threads: 1
2022/03/13-21:10:57.084706 7fb29c354f80                  Options.bottommost_compression_opts.enabled: false
2022/03/13-21:10:57.084711 7fb29c354f80            Options.compression_opts.window_bits: -14
2022/03/13-21:10:57.084716 7fb29c354f80                  Options.compression_opts.level: 32767
2022/03/13-21:10:57.084720 7fb29c354f80               Options.compression_opts.strategy: 0
2022/03/13-21:10:57.084725 7fb29c354f80         Options.compression_opts.max_dict_bytes: 0
2022/03/13-21:10:57.084730 7fb29c354f80         Options.compression_opts.zstd_max_train_bytes: 0
2022/03/13-21:10:57.084734 7fb29c354f80         Options.compression_opts.parallel_threads: 1
2022/03/13-21:10:57.084739 7fb29c354f80                  Options.compression_opts.enabled: false
2022/03/13-21:10:57.084787 7fb29c354f80      Options.level0_file_num_compaction_trigger: 4
2022/03/13-21:10:57.084796 7fb29c354f80          Options.level0_slowdown_writes_trigger: 20
2022/03/13-21:10:57.084801 7fb29c354f80              Options.level0_stop_writes_trigger: 36
2022/03/13-21:10:57.084806 7fb29c354f80                   Options.target_file_size_base: 67108864
2022/03/13-21:10:57.084811 7fb29c354f80             Options.target_file_size_multiplier: 1
2022/03/13-21:10:57.084816 7fb29c354f80                Options.max_bytes_for_level_base: 268435456
