2022/04/19-16:31:34.273376 7f746bb66f80 RocksDB version: 6.12.7
2022/04/19-16:31:34.273464 7f746bb66f80 Git sha rocksdb_build_git_sha:@0@
2022/04/19-16:31:34.273469 7f746bb66f80 Compile date Jan  1 1980
2022/04/19-16:31:34.273535 7f746bb66f80 DB SUMMARY
2022/04/19-16:31:34.273539 7f746bb66f80 DB Session ID:  5HX95Z3V88GNBISK7FW3
2022/04/19-16:31:34.273566 7f746bb66f80 SST files in /home/ritik/IV20/.dfx/state/replicated_state/node-100/ic_consensus_pool/consensus dir, Total Num: 0, files: 
2022/04/19-16:31:34.273570 7f746bb66f80 Write Ahead Log file in /home/ritik/IV20/.dfx/state/replicated_state/node-100/ic_consensus_pool/consensus: 
2022/04/19-16:31:34.273572 7f746bb66f80                         Options.error_if_exists: 0
2022/04/19-16:31:34.273574 7f746bb66f80                       Options.create_if_missing: 1
2022/04/19-16:31:34.273575 7f746bb66f80                         Options.paranoid_checks: 1
2022/04/19-16:31:34.273576 7f746bb66f80                                     Options.env: 0x56279bb3e8e0
2022/04/19-16:31:34.273578 7f746bb66f80                                      Options.fs: Posix File System
2022/04/19-16:31:34.273579 7f746bb66f80                                Options.info_log: 0x7f746b65e940
2022/04/19-16:31:34.273581 7f746bb66f80                Options.max_file_opening_threads: 16
2022/04/19-16:31:34.273582 7f746bb66f80                              Options.statistics: (nil)
2022/04/19-16:31:34.273584 7f746bb66f80                               Options.use_fsync: 1
2022/04/19-16:31:34.273585 7f746bb66f80                       Options.max_log_file_size: 0
2022/04/19-16:31:34.273587 7f746bb66f80                  Options.max_manifest_file_size: 1073741824
2022/04/19-16:31:34.273588 7f746bb66f80                   Options.log_file_time_to_roll: 0
2022/04/19-16:31:34.273589 7f746bb66f80                       Options.keep_log_file_num: 1000
2022/04/19-16:31:34.273591 7f746bb66f80                    Options.recycle_log_file_num: 0
2022/04/19-16:31:34.273592 7f746bb66f80                         Options.allow_fallocate: 1
2022/04/19-16:31:34.273593 7f746bb66f80                        Options.allow_mmap_reads: 0
2022/04/19-16:31:34.273595 7f746bb66f80                       Options.allow_mmap_writes: 0
2022/04/19-16:31:34.273596 7f746bb66f80                        Options.use_direct_reads: 0
2022/04/19-16:31:34.273597 7f746bb66f80                        Options.use_direct_io_for_flush_and_compaction: 0
2022/04/19-16:31:34.273599 7f746bb66f80          Options.create_missing_column_families: 1
2022/04/19-16:31:34.273600 7f746bb66f80                              Options.db_log_dir: 
2022/04/19-16:31:34.273601 7f746bb66f80                                 Options.wal_dir: /home/ritik/IV20/.dfx/state/replicated_state/node-100/ic_consensus_pool/consensus
2022/04/19-16:31:34.273603 7f746bb66f80                Options.table_cache_numshardbits: 6
2022/04/19-16:31:34.273604 7f746bb66f80                         Options.WAL_ttl_seconds: 0
2022/04/19-16:31:34.273606 7f746bb66f80                       Options.WAL_size_limit_MB: 0
2022/04/19-16:31:34.273607 7f746bb66f80                        Options.max_write_batch_group_size_bytes: 1048576
2022/04/19-16:31:34.273608 7f746bb66f80             Options.manifest_preallocation_size: 4194304
2022/04/19-16:31:34.273610 7f746bb66f80                     Options.is_fd_close_on_exec: 1
2022/04/19-16:31:34.273611 7f746bb66f80                   Options.advise_random_on_open: 1
2022/04/19-16:31:34.273612 7f746bb66f80                    Options.db_write_buffer_size: 0
2022/04/19-16:31:34.273614 7f746bb66f80                    Options.write_buffer_manager: 0x7f746996bc60
2022/04/19-16:31:34.273615 7f746bb66f80         Options.access_hint_on_compaction_start: 1
2022/04/19-16:31:34.273616 7f746bb66f80  Options.new_table_reader_for_compaction_inputs: 0
2022/04/19-16:31:34.273617 7f746bb66f80           Options.random_access_max_buffer_size: 1048576
2022/04/19-16:31:34.273619 7f746bb66f80                      Options.use_adaptive_mutex: 0
2022/04/19-16:31:34.273620 7f746bb66f80                            Options.rate_limiter: (nil)
2022/04/19-16:31:34.273622 7f746bb66f80     Options.sst_file_manager.rate_bytes_per_sec: 0
2022/04/19-16:31:34.273637 7f746bb66f80                       Options.wal_recovery_mode: 2
2022/04/19-16:31:34.273640 7f746bb66f80                  Options.enable_thread_tracking: 0
2022/04/19-16:31:34.273641 7f746bb66f80                  Options.enable_pipelined_write: 0
2022/04/19-16:31:34.273643 7f746bb66f80                  Options.unordered_write: 0
2022/04/19-16:31:34.273644 7f746bb66f80         Options.allow_concurrent_memtable_write: 1
2022/04/19-16:31:34.273645 7f746bb66f80      Options.enable_write_thread_adaptive_yield: 1
2022/04/19-16:31:34.273647 7f746bb66f80             Options.write_thread_max_yield_usec: 100
2022/04/19-16:31:34.273648 7f746bb66f80            Options.write_thread_slow_yield_usec: 3
2022/04/19-16:31:34.273649 7f746bb66f80                               Options.row_cache: None
2022/04/19-16:31:34.273651 7f746bb66f80                              Options.wal_filter: None
2022/04/19-16:31:34.273652 7f746bb66f80             Options.avoid_flush_during_recovery: 0
2022/04/19-16:31:34.273661 7f746bb66f80             Options.allow_ingest_behind: 0
2022/04/19-16:31:34.273663 7f746bb66f80             Options.preserve_deletes: 0
2022/04/19-16:31:34.273664 7f746bb66f80             Options.two_write_queues: 0
2022/04/19-16:31:34.273666 7f746bb66f80             Options.manual_wal_flush: 0
2022/04/19-16:31:34.273667 7f746bb66f80             Options.atomic_flush: 0
2022/04/19-16:31:34.273668 7f746bb66f80             Options.avoid_unnecessary_blocking_io: 0
2022/04/19-16:31:34.273670 7f746bb66f80                 Options.persist_stats_to_disk: 0
2022/04/19-16:31:34.273671 7f746bb66f80                 Options.write_dbid_to_manifest: 0
2022/04/19-16:31:34.273672 7f746bb66f80                 Options.log_readahead_size: 0
2022/04/19-16:31:34.273674 7f746bb66f80                 Options.file_checksum_gen_factory: Unknown
2022/04/19-16:31:34.273675 7f746bb66f80                 Options.best_efforts_recovery: 0
2022/04/19-16:31:34.273677 7f746bb66f80                Options.max_bgerror_resume_count: 2147483647
2022/04/19-16:31:34.273678 7f746bb66f80            Options.bgerror_resume_retry_interval: 1000000
2022/04/19-16:31:34.273679 7f746bb66f80             Options.max_background_jobs: 2
2022/04/19-16:31:34.273681 7f746bb66f80             Options.max_background_compactions: -1
2022/04/19-16:31:34.273682 7f746bb66f80             Options.max_subcompactions: 1
2022/04/19-16:31:34.273684 7f746bb66f80             Options.avoid_flush_during_shutdown: 0
2022/04/19-16:31:34.273685 7f746bb66f80           Options.writable_file_max_buffer_size: 1048576
2022/04/19-16:31:34.273686 7f746bb66f80             Options.delayed_write_rate : 16777216
2022/04/19-16:31:34.273688 7f746bb66f80             Options.max_total_wal_size: 0
2022/04/19-16:31:34.273689 7f746bb66f80             Options.delete_obsolete_files_period_micros: 21600000000
2022/04/19-16:31:34.273690 7f746bb66f80                   Options.stats_dump_period_sec: 600
2022/04/19-16:31:34.273692 7f746bb66f80                 Options.stats_persist_period_sec: 600
2022/04/19-16:31:34.273693 7f746bb66f80                 Options.stats_history_buffer_size: 1048576
2022/04/19-16:31:34.273695 7f746bb66f80                          Options.max_open_files: -1
2022/04/19-16:31:34.273696 7f746bb66f80                          Options.bytes_per_sync: 0
2022/04/19-16:31:34.273697 7f746bb66f80                      Options.wal_bytes_per_sync: 0
2022/04/19-16:31:34.273699 7f746bb66f80                   Options.strict_bytes_per_sync: 0
2022/04/19-16:31:34.273700 7f746bb66f80       Options.compaction_readahead_size: 0
2022/04/19-16:31:34.273702 7f746bb66f80                  Options.max_background_flushes: -1
2022/04/19-16:31:34.273705 7f746bb66f80 Compression algorithms supported:
2022/04/19-16:31:34.273708 7f746bb66f80 	kZSTDNotFinalCompression supported: 1
2022/04/19-16:31:34.273717 7f746bb66f80 	kZSTD supported: 1
2022/04/19-16:31:34.273728 7f746bb66f80 	kXpressCompression supported: 0
2022/04/19-16:31:34.273730 7f746bb66f80 	kLZ4HCCompression supported: 1
2022/04/19-16:31:34.273742 7f746bb66f80 	kLZ4Compression supported: 1
2022/04/19-16:31:34.273745 7f746bb66f80 	kBZip2Compression supported: 1
2022/04/19-16:31:34.273746 7f746bb66f80 	kZlibCompression supported: 1
2022/04/19-16:31:34.273748 7f746bb66f80 	kSnappyCompression supported: 1
2022/04/19-16:31:34.273750 7f746bb66f80 Fast CRC32 supported: Supported on x86
2022/04/19-16:31:34.324374 7f746bb66f80 [db/db_impl/db_impl_open.cc:271] Creating manifest 1 
2022/04/19-16:31:34.459289 7f746bb66f80 [db/version_set.cc:4559] Recovering from manifest file: /home/ritik/IV20/.dfx/state/replicated_state/node-100/ic_consensus_pool/consensus/MANIFEST-000001
2022/04/19-16:31:34.459697 7f746bb66f80 [db/column_family.cc:578] --------------- Options for column family [default]:
2022/04/19-16:31:34.459711 7f746bb66f80               Options.comparator: leveldb.BytewiseComparator
2022/04/19-16:31:34.459718 7f746bb66f80           Options.merge_operator: None
2022/04/19-16:31:34.459723 7f746bb66f80        Options.compaction_filter: None
2022/04/19-16:31:34.459728 7f746bb66f80        Options.compaction_filter_factory: None
2022/04/19-16:31:34.459732 7f746bb66f80  Options.sst_partitioner_factory: None
2022/04/19-16:31:34.459737 7f746bb66f80         Options.memtable_factory: SkipListFactory
2022/04/19-16:31:34.459742 7f746bb66f80            Options.table_factory: BlockBasedTable
2022/04/19-16:31:34.459845 7f746bb66f80            table_factory options:   flush_block_policy_factory: FlushBlockBySizePolicyFactory (0x7f74699674e0)
  cache_index_and_filter_blocks: 0
  cache_index_and_filter_blocks_with_high_priority: 1
  pin_l0_filter_and_index_blocks_in_cache: 0
  pin_top_level_index_and_filter: 1
  index_type: 0
  data_block_index_type: 0
  index_shortening: 1
  data_block_hash_table_util_ratio: 0.750000
  hash_index_allow_collision: 1
  checksum: 1
  no_block_cache: 0
  block_cache: 0x7f74699c9d10
  block_cache_name: LRUCache
  block_cache_options:
    capacity : 8388608
    num_shard_bits : 4
    strict_capacity_limit : 0
    memory_allocator : None
    high_pri_pool_ratio: 0.000
  block_cache_compressed: (nil)
  persistent_cache: (nil)
  block_size: 4096
  block_size_deviation: 10
  block_restart_interval: 16
  index_block_restart_interval: 1
  metadata_block_size: 4096
  partition_filters: 0
  use_delta_encoding: 1
  filter_policy: nullptr
  whole_key_filtering: 1
  verify_compression: 0
  read_amp_bytes_per_bit: 0
  format_version: 4
  enable_index_compression: 1
  block_align: 0
2022/04/19-16:31:34.459867 7f746bb66f80        Options.write_buffer_size: 67108864
2022/04/19-16:31:34.459873 7f746bb66f80  Options.max_write_buffer_number: 2
2022/04/19-16:31:34.459879 7f746bb66f80          Options.compression: Snappy
2022/04/19-16:31:34.459884 7f746bb66f80                  Options.bottommost_compression: Disabled
2022/04/19-16:31:34.459888 7f746bb66f80       Options.prefix_extractor: nullptr
2022/04/19-16:31:34.459893 7f746bb66f80   Options.memtable_insert_with_hint_prefix_extractor: nullptr
2022/04/19-16:31:34.459897 7f746bb66f80             Options.num_levels: 7
2022/04/19-16:31:34.459902 7f746bb66f80        Options.min_write_buffer_number_to_merge: 1
2022/04/19-16:31:34.459906 7f746bb66f80     Options.max_write_buffer_number_to_maintain: 0
2022/04/19-16:31:34.459911 7f746bb66f80     Options.max_write_buffer_size_to_maintain: 0
2022/04/19-16:31:34.459915 7f746bb66f80            Options.bottommost_compression_opts.window_bits: -14
2022/04/19-16:31:34.459920 7f746bb66f80                  Options.bottommost_compression_opts.level: 32767
2022/04/19-16:31:34.459925 7f746bb66f80               Options.bottommost_compression_opts.strategy: 0
2022/04/19-16:31:34.459929 7f746bb66f80         Options.bottommost_compression_opts.max_dict_bytes: 0
2022/04/19-16:31:34.459934 7f746bb66f80         Options.bottommost_compression_opts.zstd_max_train_bytes: 0
2022/04/19-16:31:34.459938 7f746bb66f80         Options.bottommost_compression_opts.parallel_threads: 1
2022/04/19-16:31:34.459942 7f746bb66f80                  Options.bottommost_compression_opts.enabled: false
2022/04/19-16:31:34.460032 7f746bb66f80            Options.compression_opts.window_bits: -14
2022/04/19-16:31:34.460047 7f746bb66f80                  Options.compression_opts.level: 32767
2022/04/19-16:31:34.460067 7f746bb66f80               Options.compression_opts.strategy: 0
2022/04/19-16:31:34.460073 7f746bb66f80         Options.compression_opts.max_dict_bytes: 0
2022/04/19-16:31:34.460081 7f746bb66f80         Options.compression_opts.zstd_max_train_bytes: 0
2022/04/19-16:31:34.460088 7f746bb66f80         Options.compression_opts.parallel_threads: 1
2022/04/19-16:31:34.460095 7f746bb66f80                  Options.compression_opts.enabled: false
2022/04/19-16:31:34.460101 7f746bb66f80      Options.level0_file_num_compaction_trigger: 4
2022/04/19-16:31:34.460109 7f746bb66f80          Options.level0_slowdown_writes_trigger: 20
2022/04/19-16:31:34.460117 7f746bb66f80              Options.level0_stop_writes_trigger: 36
2022/04/19-16:31:34.460125 7f746bb66f80                   Options.target_file_size_base: 67108864
2022/04/19-16:31:34.460133 7f746bb66f80             Options.target_file_size_multiplier: 1
2022/04/19-16:31:34.460142 7f746bb66f80                Options.max_bytes_for_level_base: 268435456
2022/04/19-16:31:34.460149 7f746bb66f80 Options.level_compaction_dynamic_level_bytes: 0
2022/04/19-16:31:34.460156 7f746bb66f80          Options.max_bytes_for_level_multiplier: 10.000000
2022/04/19-16:31:34.460172 7f746bb66f80 Options.max_bytes_for_level_multiplier_addtl[0]: 1
2022/04/19-16:31:34.460182 7f746bb66f80 Options.max_bytes_for_level_multiplier_addtl[1]: 1
2022/04/19-16:31:34.460190 7f746bb66f80 Options.max_bytes_for_level_multiplier_addtl[2]: 1
2022/04/19-16:31:34.460199 7f746bb66f80 Options.max_bytes_for_level_multiplier_addtl[3]: 1
2022/04/19-16:31:34.460208 7f746bb66f80 Options.max_bytes_for_level_multiplier_addtl[4]: 1
2022/04/19-16:31:34.460213 7f746bb66f80 Options.max_bytes_for_level_multiplier_addtl[5]: 1
2022/04/19-16:31:34.460217 7f746bb66f80 Options.max_bytes_for_level_multiplier_addtl[6]: 1
2022/04/19-16:31:34.460233 7f746bb66f80       Options.max_sequential_skip_in_iterations: 8
2022/04/19-16:31:34.460238 7f746bb66f80                    Options.max_compaction_bytes: 1677721600
2022/04/19-16:31:34.460243 7f746bb66f80                        Options.arena_block_size: 8388608
2022/04/19-16:31:34.460247 7f746bb66f80   Options.soft_pending_compaction_bytes_limit: 68719476736
2022/04/19-16:31:34.460252 7f746bb66f80   Options.hard_pending_compaction_bytes_limit: 274877906944
2022/04/19-16:31:34.460256 7f746bb66f80       Options.rate_limit_delay_max_milliseconds: 100
2022/04/19-16:31:34.460261 7f746bb66f80                Options.disable_auto_compactions: 0
2022/04/19-16:31:34.460267 7f746bb66f80                        Options.compaction_style: kCompactionStyleLevel
2022/04/19-16:31:34.460273 7f746bb66f80                          Options.compaction_pri: kMinOverlappingRatio
2022/04/19-16:31:34.460278 7f746bb66f80 Options.compaction_options_universal.size_ratio: 1
2022/04/19-16:31:34.460282 7f746bb66f80 Options.compaction_options_universal.min_merge_width: 2
2022/04/19-16:31:34.460286 7f746bb66f80 Options.compaction_options_universal.max_merge_width: 4294967295
2022/04/19-16:31:34.460291 7f746bb66f80 Options.compaction_options_universal.max_size_amplification_percent: 200
2022/04/19-16:31:34.460295 7f746bb66f80 Options.compaction_options_universal.compression_size_percent: -1
2022/04/19-16:31:34.460300 7f746bb66f80 Options.compaction_options_universal.stop_style: kCompactionStopStyleTotalSize
2022/04/19-16:31:34.460305 7f746bb66f80 Options.compaction_options_fifo.max_table_files_size: 1073741824
2022/04/19-16:31:34.460309 7f746bb66f80 Options.compaction_options_fifo.allow_compaction: 0
2022/04/19-16:31:34.460324 7f746bb66f80                   Options.table_properties_collectors: 
2022/04/19-16:31:34.460330 7f746bb66f80                   Options.inplace_update_support: 0
2022/04/19-16:31:34.460334 7f746bb66f80                 Options.inplace_update_num_locks: 10000
2022/04/19-16:31:34.460339 7f746bb66f80               Options.memtable_prefix_bloom_size_ratio: 0.000000
2022/04/19-16:31:34.460393 7f746bb66f80               Options.memtable_whole_key_filtering: 0
2022/04/19-16:31:34.460409 7f746bb66f80   Options.memtable_huge_page_size: 0
2022/04/19-16:31:34.460428 7f746bb66f80                           Options.bloom_locality: 0
2022/04/19-16:31:34.460437 7f746bb66f80                    Options.max_successive_merges: 0
2022/04/19-16:31:34.460446 7f746bb66f80                Options.optimize_filters_for_hits: 0
2022/04/19-16:31:34.460454 7f746bb66f80                Options.paranoid_file_checks: 0
2022/04/19-16:31:34.460501 7f746bb66f80                Options.force_consistency_checks: 0
2022/04/19-16:31:34.460513 7f746bb66f80                Options.report_bg_io_stats: 0
2022/04/19-16:31:34.460522 7f746bb66f80                               Options.ttl: 2592000
2022/04/19-16:31:34.460531 7f746bb66f80          Options.periodic_compaction_seconds: 0
2022/04/19-16:31:34.461749 7f746bb66f80 [db/version_set.cc:4708] Recovered from manifest file:/home/ritik/IV20/.dfx/state/replicated_state/node-100/ic_consensus_pool/consensus/MANIFEST-000001 succeeded,manifest_file_number is 1, next_file_number is 3, last_sequence is 0, log_number is 0,prev_log_number is 0,max_column_family is 0,min_log_number_to_keep is 0
2022/04/19-16:31:34.461758 7f746bb66f80 [db/version_set.cc:4724] Column family [default] (ID 0), log number is 0
2022/04/19-16:31:34.461925 7f746bb66f80 [db/version_set.cc:3949] Creating manifest 4
2022/04/19-16:31:34.794184 7f746bb66f80 [db/column_family.cc:578] --------------- Options for column family [RB]:
2022/04/19-16:31:34.794214 7f746bb66f80               Options.comparator: leveldb.BytewiseComparator
2022/04/19-16:31:34.794226 7f746bb66f80           Options.merge_operator: None
2022/04/19-16:31:34.794234 7f746bb66f80        Options.compaction_filter: filter_outdated
2022/04/19-16:31:34.794254 7f746bb66f80        Options.compaction_filter_factory: None
2022/04/19-16:31:34.794264 7f746bb66f80  Options.sst_partitioner_factory: None
2022/04/19-16:31:34.794273 7f746bb66f80         Options.memtable_factory: SkipListFactory
2022/04/19-16:31:34.794283 7f746bb66f80            Options.table_factory: BlockBasedTable
2022/04/19-16:31:34.794384 7f746bb66f80            table_factory options:   flush_block_policy_factory: FlushBlockBySizePolicyFactory (0x7f74699673b8)
  cache_index_and_filter_blocks: 0
  cache_index_and_filter_blocks_with_high_priority: 1
  pin_l0_filter_and_index_blocks_in_cache: 0
  pin_top_level_index_and_filter: 1
  index_type: 0
  data_block_index_type: 0
  index_shortening: 1
  data_block_hash_table_util_ratio: 0.750000
  hash_index_allow_collision: 1
  checksum: 1
  no_block_cache: 0
  block_cache: 0x7f74699b4710
  block_cache_name: LRUCache
  block_cache_options:
    capacity : 8388608
    num_shard_bits : 4
    strict_capacity_limit : 0
    memory_allocator : None
    high_pri_pool_ratio: 0.000
  block_cache_compressed: (nil)
  persistent_cache: (nil)
  block_size: 4096
  block_size_deviation: 10
  block_restart_interval: 16
  index_block_restart_interval: 1
  metadata_block_size: 4096
  partition_filters: 0
  use_delta_encoding: 1
  filter_policy: nullptr
  whole_key_filtering: 1
  verify_compression: 0
  read_amp_bytes_per_bit: 0
  format_version: 4
  enable_index_compression: 1
  block_align: 0
2022/04/19-16:31:34.794422 7f746bb66f80        Options.write_buffer_size: 67108864
2022/04/19-16:31:34.794429 7f746bb66f80  Options.max_write_buffer_number: 2
2022/04/19-16:31:34.794434 7f746bb66f80          Options.compression: NoCompression
2022/04/19-16:31:34.794439 7f746bb66f80                  Options.bottommost_compression: Disabled
2022/04/19-16:31:34.794444 7f746bb66f80       Options.prefix_extractor: nullptr
2022/04/19-16:31:34.794449 7f746bb66f80   Options.memtable_insert_with_hint_prefix_extractor: nullptr
2022/04/19-16:31:34.794453 7f746bb66f80             Options.num_levels: 7
2022/04/19-16:31:34.794458 7f746bb66f80        Options.min_write_buffer_number_to_merge: 1
2022/04/19-16:31:34.794462 7f746bb66f80     Options.max_write_buffer_number_to_maintain: 0
2022/04/19-16:31:34.794466 7f746bb66f80     Options.max_write_buffer_size_to_maintain: 0
2022/04/19-16:31:34.794471 7f746bb66f80            Options.bottommost_compression_opts.window_bits: -14
2022/04/19-16:31:34.794476 7f746bb66f80                  Options.bottommost_compression_opts.level: 32767
2022/04/19-16:31:34.794480 7f746bb66f80               Options.bottommost_compression_opts.strategy: 0
2022/04/19-16:31:34.794484 7f746bb66f80         Options.bottommost_compression_opts.max_dict_bytes: 0
2022/04/19-16:31:34.794489 7f746bb66f80         Options.bottommost_compression_opts.zstd_max_train_bytes: 0
2022/04/19-16:31:34.794493 7f746bb66f80         Options.bottommost_compression_opts.parallel_threads: 1
2022/04/19-16:31:34.794498 7f746bb66f80                  Options.bottommost_compression_opts.enabled: false
2022/04/19-16:31:34.794502 7f746bb66f80            Options.compression_opts.window_bits: -14
2022/04/19-16:31:34.794507 7f746bb66f80                  Options.compression_opts.level: 32767
2022/04/19-16:31:34.794511 7f746bb66f80               Options.compression_opts.strategy: 0
2022/04/19-16:31:34.794515 7f746bb66f80         Options.compression_opts.max_dict_bytes: 0
2022/04/19-16:31:34.794520 7f746bb66f80         Options.compression_opts.zstd_max_train_bytes: 0
2022/04/19-16:31:34.794524 7f746bb66f80         Options.compression_opts.parallel_threads: 1
2022/04/19-16:31:34.794528 7f746bb66f80                  Options.compression_opts.enabled: false
2022/04/19-16:31:34.794588 7f746bb66f80      Options.level0_file_num_compaction_trigger: 4
2022/04/19-16:31:34.794597 7f746bb66f80          Options.level0_slowdown_writes_trigger: 20
2022/04/19-16:31:34.794602 7f746bb66f80              Options.level0_stop_writes_trigger: 36
2022/04/19-16:31:34.794607 7f746bb66f80                   Options.target_file_size_base: 67108864
2022/04/19-16:31:34.794611 7f746bb66f80             Options.target_file_size_multiplier: 1
2022/04/19-16:31:34.794615 7f746bb66f80                Options.max_bytes_for_level_base: 268435456
2022/04/19-16:31:34.794620 7f746bb66f80 Options.level_compaction_dynamic_level_bytes: 0
2022/04/19-16:31:34.794624 7f746bb66f80          Options.max_bytes_for_level_multiplier: 10.000000
2022/04/19-16:31:34.794635 7f746bb66f80 Options.max_bytes_for_level_multiplier_addtl[0]: 1
2022/04/19-16:31:34.794641 7f746bb66f80 Options.max_bytes_for_level_multiplier_addtl[1]: 1
2022/04/19-16:31:34.794645 7f746bb66f80 Options.max_bytes_for_level_multiplier_addtl[2]: 1
2022/04/19-16:31:34.794650 7f746bb66f80 Options.max_bytes_for_level_multiplier_addtl[3]: 1
2022/04/19-16:31:34.794654 7f746bb66f80 Options.max_bytes_for_level_multiplier_addtl[4]: 1
2022/04/19-16:31:34.794669 7f746bb66f80 Options.max_bytes_for_level_multiplier_addtl[5]: 1
2022/04/19-16:31:34.794674 7f746bb66f80 Options.max_bytes_for_level_multiplier_addtl[6]: 1
2022/04/19-16:31:34.794678 7f746bb66f80       Options.max_sequential_skip_in_iterations: 8
2022/04/19-16:31:34.794681 7f746bb66f80                    Options.max_compaction_bytes: 1677721600
2022/04/19-16:31:34.794685 7f746bb66f80                        Options.arena_block_size: 8388608
2022/04/19-16:31:34.794689 7f746bb66f80   Options.soft_pending_compaction_bytes_limit: 68719476736
2022/04/19-16:31:34.794692 7f746bb66f80   Options.hard_pending_compaction_bytes_limit: 274877906944
2022/04/19-16:31:34.794696 7f746bb66f80       Options.rate_limit_delay_max_milliseconds: 100
2022/04/19-16:31:34.794700 7f746bb66f80                Options.disable_auto_compactions: 1
2022/04/19-16:31:34.794705 7f746bb66f80                        Options.compaction_style: kCompactionStyleLevel
2022/04/19-16:31:34.794709 7f746bb66f80                          Options.compaction_pri: kMinOverlappingRatio
2022/04/19-16:31:34.794712 7f746bb66f80 Options.compaction_options_universal.size_ratio: 1
2022/04/19-16:31:34.794717 7f746bb66f80 Options.compaction_options_universal.min_merge_width: 2
2022/04/19-16:31:34.794724 7f746bb66f80 Options.compaction_options_universal.max_merge_width: 4294967295
2022/04/19-16:31:34.794731 7f746bb66f80 Options.compaction_options_universal.max_size_amplification_percent: 200
2022/04/19-16:31:34.794739 7f746bb66f80 Options.compaction_options_universal.compression_size_percent: -1
2022/04/19-16:31:34.794747 7f746bb66f80 Options.compaction_options_universal.stop_style: kCompactionStopStyleTotalSize
2022/04/19-16:31:34.794756 7f746bb66f80 Options.compaction_options_fifo.max_table_files_size: 1073741824
2022/04/19-16:31:34.794778 7f746bb66f80 Options.compaction_options_fifo.allow_compaction: 0
2022/04/19-16:31:34.794794 7f746bb66f80                   Options.table_properties_collectors: 
2022/04/19-16:31:34.794799 7f746bb66f80                   Options.inplace_update_support: 0
2022/04/19-16:31:34.794804 7f746bb66f80                 Options.inplace_update_num_locks: 10000
2022/04/19-16:31:34.794808 7f746bb66f80               Options.memtable_prefix_bloom_size_ratio: 0.000000
2022/04/19-16:31:34.794815 7f746bb66f80               Options.memtable_whole_key_filtering: 0
2022/04/19-16:31:34.794820 7f746bb66f80   Options.memtable_huge_page_size: 0
2022/04/19-16:31:34.794824 7f746bb66f80                           Options.bloom_locality: 0
2022/04/19-16:31:34.794829 7f746bb66f80                    Options.max_successive_merges: 0
2022/04/19-16:31:34.794833 7f746bb66f80                Options.optimize_filters_for_hits: 0
2022/04/19-16:31:34.794838 7f746bb66f80                Options.paranoid_file_checks: 0
2022/04/19-16:31:34.794842 7f746bb66f80                Options.force_consistency_checks: 0
2022/04/19-16:31:34.794889 7f746bb66f80                Options.report_bg_io_stats: 0
2022/04/19-16:31:34.794898 7f746bb66f80                               Options.ttl: 2592000
2022/04/19-16:31:34.794903 7f746bb66f80          Options.periodic_compaction_seconds: 2592000
2022/04/19-16:31:34.795052 7f746bb66f80 [db/db_impl/db_impl.cc:2561] Created column family [RB] (ID 1)
2022/04/19-16:31:34.883864 7f746bb66f80 [db/column_family.cc:578] --------------- Options for column family [FZ]:
2022/04/19-16:31:34.883903 7f746bb66f80               Options.comparator: leveldb.BytewiseComparator
2022/04/19-16:31:34.883911 7f746bb66f80           Options.merge_operator: None
2022/04/19-16:31:34.883917 7f746bb66f80        Options.compaction_filter: filter_outdated
2022/04/19-16:31:34.883922 7f746bb66f80        Options.compaction_filter_factory: None
2022/04/19-16:31:34.883929 7f746bb66f80  Options.sst_partitioner_factory: None
2022/04/19-16:31:34.883939 7f746bb66f80         Options.memtable_factory: SkipListFactory
2022/04/19-16:31:34.883948 7f746bb66f80            Options.table_factory: BlockBasedTable
2022/04/19-16:31:34.884065 7f746bb66f80            table_factory options:   flush_block_policy_factory: FlushBlockBySizePolicyFactory (0x7f74699673d0)
  cache_index_and_filter_blocks: 0
  cache_index_and_filter_blocks_with_high_priority: 1
  pin_l0_filter_and_index_blocks_in_cache: 0
  pin_top_level_index_and_filter: 1
  index_type: 0
  data_block_index_type: 0
  index_shortening: 1
  data_block_hash_table_util_ratio: 0.750000
  hash_index_allow_collision: 1
  checksum: 1
  no_block_cache: 0
  block_cache: 0x7f74699b4f90
  block_cache_name: LRUCache
  block_cache_options:
    capacity : 8388608
    num_shard_bits : 4
    strict_capacity_limit : 0
    memory_allocator : None
    high_pri_pool_ratio: 0.000
  block_cache_compressed: (nil)
  persistent_cache: (nil)
  block_size: 4096
  block_size_deviation: 10
  block_restart_interval: 16
  index_block_restart_interval: 1
  metadata_block_size: 4096
  partition_filters: 0
  use_delta_encoding: 1
  filter_policy: nullptr
  whole_key_filtering: 1
  verify_compression: 0
  read_amp_bytes_per_bit: 0
  format_version: 4
  enable_index_compression: 1
  block_align: 0
2022/04/19-16:31:34.884083 7f746bb66f80        Options.write_buffer_size: 67108864
2022/04/19-16:31:34.884089 7f746bb66f80  Options.max_write_buffer_number: 2
2022/04/19-16:31:34.884095 7f746bb66f80          Options.compression: NoCompression
2022/04/19-16:31:34.884100 7f746bb66f80                  Options.bottommost_compression: Disabled
2022/04/19-16:31:34.884105 7f746bb66f80       Options.prefix_extractor: nullptr
2022/04/19-16:31:34.884109 7f746bb66f80   Options.memtable_insert_with_hint_prefix_extractor: nullptr
2022/04/19-16:31:34.884113 7f746bb66f80             Options.num_levels: 7
2022/04/19-16:31:34.884118 7f746bb66f80        Options.min_write_buffer_number_to_merge: 1
2022/04/19-16:31:34.884122 7f746bb66f80     Options.max_write_buffer_number_to_maintain: 0
2022/04/19-16:31:34.884127 7f746bb66f80     Options.max_write_buffer_size_to_maintain: 0
2022/04/19-16:31:34.884131 7f746bb66f80            Options.bottommost_compression_opts.window_bits: -14
2022/04/19-16:31:34.884136 7f746bb66f80                  Options.bottommost_compression_opts.level: 32767
2022/04/19-16:31:34.884140 7f746bb66f80               Options.bottommost_compression_opts.strategy: 0
2022/04/19-16:31:34.884144 7f746bb66f80         Options.bottommost_compression_opts.max_dict_bytes: 0
2022/04/19-16:31:34.884149 7f746bb66f80         Options.bottommost_compression_opts.zstd_max_train_bytes: 0
2022/04/19-16:31:34.884153 7f746bb66f80         Options.bottommost_compression_opts.parallel_threads: 1
2022/04/19-16:31:34.884158 7f746bb66f80                  Options.bottommost_compression_opts.enabled: false
2022/04/19-16:31:34.884162 7f746bb66f80            Options.compression_opts.window_bits: -14
2022/04/19-16:31:34.884167 7f746bb66f80                  Options.compression_opts.level: 32767
2022/04/19-16:31:34.884171 7f746bb66f80               Options.compression_opts.strategy: 0
2022/04/19-16:31:34.884175 7f746bb66f80         Options.compression_opts.max_dict_bytes: 0
2022/04/19-16:31:34.884179 7f746bb66f80         Options.compression_opts.zstd_max_train_bytes: 0
2022/04/19-16:31:34.884184 7f746bb66f80         Options.compression_opts.parallel_threads: 1
2022/04/19-16:31:34.884188 7f746bb66f80                  Options.compression_opts.enabled: false
2022/04/19-16:31:34.884253 7f746bb66f80      Options.level0_file_num_compaction_trigger: 4
2022/04/19-16:31:34.884262 7f746bb66f80          Options.level0_slowdown_writes_trigger: 20
2022/04/19-16:31:34.884267 7f746bb66f80              Options.level0_stop_writes_trigger: 36
2022/04/19-16:31:34.884271 7f746bb66f80                   Options.target_file_size_base: 67108864
2022/04/19-16:31:34.884276 7f746bb66f80             Options.target_file_size_multiplier: 1
2022/04/19-16:31:34.884280 7f746bb66f80                Options.max_bytes_for_level_base: 268435456
2022/04/19-16:31:34.884285 7f746bb66f80 Options.level_compaction_dynamic_level_bytes: 0
2022/04/19-16:31:34.884289 7f746bb66f80          Options.max_bytes_for_level_multiplier: 10.000000
2022/04/19-16:31:34.884299 7f746bb66f80 Options.max_bytes_for_level_multiplier_addtl[0]: 1
2022/04/19-16:31:34.884305 7f746bb66f80 Options.max_bytes_for_level_multiplier_addtl[1]: 1
2022/04/19-16:31:34.884310 7f746bb66f80 Options.max_bytes_for_level_multiplier_addtl[2]: 1
2022/04/19-16:31:34.884314 7f746bb66f80 Options.max_bytes_for_level_multiplier_addtl[3]: 1
2022/04/19-16:31:34.884322 7f746bb66f80 Options.max_bytes_for_level_multiplier_addtl[4]: 1
2022/04/19-16:31:34.884332 7f746bb66f80 Options.max_bytes_for_level_multiplier_addtl[5]: 1
2022/04/19-16:31:34.884343 7f746bb66f80 Options.max_bytes_for_level_multiplier_addtl[6]: 1
2022/04/19-16:31:34.884352 7f746bb66f80       Options.max_sequential_skip_in_iterations: 8
2022/04/19-16:31:34.884362 7f746bb66f80                    Options.max_compaction_bytes: 1677721600
2022/04/19-16:31:34.884371 7f746bb66f80                        Options.arena_block_size: 8388608
2022/04/19-16:31:34.884380 7f746bb66f80   Options.soft_pending_compaction_bytes_limit: 68719476736
2022/04/19-16:31:34.884385 7f746bb66f80   Options.hard_pending_compaction_bytes_limit: 274877906944
2022/04/19-16:31:34.884389 7f746bb66f80       Options.rate_limit_delay_max_milliseconds: 100
2022/04/19-16:31:34.884394 7f746bb66f80                Options.disable_auto_compactions: 1
2022/04/19-16:31:34.884400 7f746bb66f80                        Options.compaction_style: kCompactionStyleLevel
2022/04/19-16:31:34.884405 7f746bb66f80                          Options.compaction_pri: kMinOverlappingRatio
2022/04/19-16:31:34.884410 7f746bb66f80 Options.compaction_options_universal.size_ratio: 1
2022/04/19-16:31:34.884414 7f746bb66f80 Options.compaction_options_universal.min_merge_width: 2
2022/04/19-16:31:34.884418 7f746bb66f80 Options.compaction_options_universal.max_merge_width: 4294967295
2022/04/19-16:31:34.884423 7f746bb66f80 Options.compaction_options_universal.max_size_amplification_percent: 200
2022/04/19-16:31:34.884427 7f746bb66f80 Options.compaction_options_universal.compression_size_percent: -1
2022/04/19-16:31:34.884433 7f746bb66f80 Options.compaction_options_universal.stop_style: kCompactionStopStyleTotalSize
2022/04/19-16:31:34.884437 7f746bb66f80 Options.compaction_options_fifo.max_table_files_size: 1073741824
2022/04/19-16:31:34.884442 7f746bb66f80 Options.compaction_options_fifo.allow_compaction: 0
2022/04/19-16:31:34.884455 7f746bb66f80                   Options.table_properties_collectors: 
2022/04/19-16:31:34.884461 7f746bb66f80                   Options.inplace_update_support: 0
2022/04/19-16:31:34.884529 7f746bb66f80                 Options.inplace_update_num_locks: 10000
2022/04/19-16:31:34.884535 7f746bb66f80               Options.memtable_prefix_bloom_size_ratio: 0.000000
2022/04/19-16:31:34.884542 7f746bb66f80               Options.memtable_whole_key_filtering: 0
2022/04/19-16:31:34.884548 7f746bb66f80   Options.memtable_huge_page_size: 0
2022/04/19-16:31:34.884552 7f746bb66f80                           Options.bloom_locality: 0
2022/04/19-16:31:34.884556 7f746bb66f80                    Options.max_successive_merges: 0
2022/04/19-16:31:34.884561 7f746bb66f80                Options.optimize_filters_for_hits: 0
2022/04/19-16:31:34.884565 7f746bb66f80                Options.paranoid_file_checks: 0
2022/04/19-16:31:34.884569 7f746bb66f80                Options.force_consistency_checks: 0
2022/04/19-16:31:34.884619 7f746bb66f80                Options.report_bg_io_stats: 0
2022/04/19-16:31:34.884627 7f746bb66f80                               Options.ttl: 2592000
2022/04/19-16:31:34.884633 7f746bb66f80          Options.periodic_compaction_seconds: 2592000
2022/04/19-16:31:34.884784 7f746bb66f80 [db/db_impl/db_impl.cc:2561] Created column family [FZ] (ID 2)
2022/04/19-16:31:34.973435 7f746bb66f80 [db/column_family.cc:578] --------------- Options for column family [NZ]:
2022/04/19-16:31:34.973461 7f746bb66f80               Options.comparator: leveldb.BytewiseComparator
2022/04/19-16:31:34.973468 7f746bb66f80           Options.merge_operator: None
2022/04/19-16:31:34.973476 7f746bb66f80        Options.compaction_filter: filter_outdated
2022/04/19-16:31:34.973482 7f746bb66f80        Options.compaction_filter_factory: None
2022/04/19-16:31:34.973487 7f746bb66f80  Options.sst_partitioner_factory: None
2022/04/19-16:31:34.973492 7f746bb66f80         Options.memtable_factory: SkipListFactory
2022/04/19-16:31:34.973498 7f746bb66f80            Options.table_factory: BlockBasedTable
2022/04/19-16:31:34.973555 7f746bb66f80            table_factory options:   flush_block_policy_factory: FlushBlockBySizePolicyFactory (0x7f74699673e8)
  cache_index_and_filter_blocks: 0
  cache_index_and_filter_blocks_with_high_priority: 1
  pin_l0_filter_and_index_blocks_in_cache: 0
  pin_top_level_index_and_filter: 1
  index_type: 0
  data_block_index_type: 0
  index_shortening: 1
  data_block_hash_table_util_ratio: 0.750000
  hash_index_allow_collision: 1
  checksum: 1
  no_block_cache: 0
  block_cache: 0x7f74699b6810
  block_cache_name: LRUCache
  block_cache_options:
    capacity : 8388608
    num_shard_bits : 4
    strict_capacity_limit : 0
    memory_allocator : None
    high_pri_pool_ratio: 0.000
  block_cache_compressed: (nil)
  persistent_cache: (nil)
  block_size: 4096
  block_size_deviation: 10
  block_restart_interval: 16
  index_block_restart_interval: 1
  metadata_block_size: 4096
  partition_filters: 0
  use_delta_encoding: 1
  filter_policy: nullptr
  whole_key_filtering: 1
  verify_compression: 0
  read_amp_bytes_per_bit: 0
  format_version: 4
  enable_index_compression: 1
  block_align: 0
2022/04/19-16:31:34.973571 7f746bb66f80        Options.write_buffer_size: 67108864
2022/04/19-16:31:34.973575 7f746bb66f80  Options.max_write_buffer_number: 2
2022/04/19-16:31:34.973579 7f746bb66f80          Options.compression: NoCompression
2022/04/19-16:31:34.973582 7f746bb66f80                  Options.bottommost_compression: Disabled
2022/04/19-16:31:34.973585 7f746bb66f80       Options.prefix_extractor: nullptr
2022/04/19-16:31:34.973588 7f746bb66f80   Options.memtable_insert_with_hint_prefix_extractor: nullptr
2022/04/19-16:31:34.973590 7f746bb66f80             Options.num_levels: 7
2022/04/19-16:31:34.973593 7f746bb66f80        Options.min_write_buffer_number_to_merge: 1
2022/04/19-16:31:34.973596 7f746bb66f80     Options.max_write_buffer_number_to_maintain: 0
2022/04/19-16:31:34.973598 7f746bb66f80     Options.max_write_buffer_size_to_maintain: 0
2022/04/19-16:31:34.973601 7f746bb66f80            Options.bottommost_compression_opts.window_bits: -14
2022/04/19-16:31:34.973604 7f746bb66f80                  Options.bottommost_compression_opts.level: 32767
2022/04/19-16:31:34.973607 7f746bb66f80               Options.bottommost_compression_opts.strategy: 0
2022/04/19-16:31:34.973610 7f746bb66f80         Options.bottommost_compression_opts.max_dict_bytes: 0
2022/04/19-16:31:34.973612 7f746bb66f80         Options.bottommost_compression_opts.zstd_max_train_bytes: 0
2022/04/19-16:31:34.973615 7f746bb66f80         Options.bottommost_compression_opts.parallel_threads: 1
2022/04/19-16:31:34.973618 7f746bb66f80                  Options.bottommost_compression_opts.enabled: false
2022/04/19-16:31:34.973620 7f746bb66f80            Options.compression_opts.window_bits: -14
2022/04/19-16:31:34.973623 7f746bb66f80                  Options.compression_opts.level: 32767
2022/04/19-16:31:34.973626 7f746bb66f80               Options.compression_opts.strategy: 0
2022/04/19-16:31:34.973629 7f746bb66f80         Options.compression_opts.max_dict_bytes: 0
2022/04/19-16:31:34.973631 7f746bb66f80         Options.compression_opts.zstd_max_train_bytes: 0
2022/04/19-16:31:34.973634 7f746bb66f80         Options.compression_opts.parallel_threads: 1
2022/04/19-16:31:34.973636 7f746bb66f80                  Options.compression_opts.enabled: false
2022/04/19-16:31:34.973676 7f746bb66f80      Options.level0_file_num_compaction_trigger: 4
2022/04/19-16:31:34.973681 7f746bb66f80          Options.level0_slowdown_writes_trigger: 20
2022/04/19-16:31:34.973684 7f746bb66f80              Options.level0_stop_writes_trigger: 36
2022/04/19-16:31:34.973687 7f746bb66f80                   Options.target_file_size_base: 67108864
2022/04/19-16:31:34.973690 7f746bb66f80             Options.target_file_size_multiplier: 1
2022/04/19-16:31:34.973693 7f746bb66f80                Options.max_bytes_for_level_base: 268435456
2022/04/19-16:31:34.973696 7f746bb66f80 Options.level_compaction_dynamic_level_bytes: 0
